0.16666666666666674
0.5
1.1102230246251565e-16
-0.4761904761904754
-0.33333333333333304
-1.3809523809523805
-0.14285714285714235
0.16666666666666674
-0.33333333333333326
-0.33333333333333326
-1.3809523809523805
0.1714285714285717
0.20000000000000007
-0.1333333333333333
-0.5333333333333332
-1.2666666666666666
0.45238095238095266
0.11904761904761918
-0.26190476190476164
-1.314285714285714
0.6666666666666667
0.16666666666666674
1.1102230246251565e-16
0.33333333333333337
0.33333333333333337
-0.4999999999999998
0.33333333333333337
-0.5
-1.38095238095238
-0.1333333333333333
1.1102230246251565e-16
-0.16666666666666652
-0.5666666666666669
-1.2666666666666666
-1.314285714285714
0.4
-0.20000000000000018
-0.19999999999999996
-0.36666666666666625
-0.36666666666666625
-1.38095238095238
-0.6999999999999997
-1.314285714285714
-1.314285714285714
0.20000000000000007
0.19999999999999996
-0.1333333333333333
0.5
0.5
0.25
0.6666666666666667
0.33333333333333337
1.1102230246251565e-16
0.6666666666666667
0.33333333333333337
-0.16666666666666652
0.6666666666666667
0.16666666666666674
-0.16666666666666652
0.16666666666666674
-0.16666666666666652
-1.38095238095238
0.6666666666666667
-0.33333333333333326
-0.45238095238095166
-0.33333333333333326
-0.4523809523809519
-1.333333333333333
0.4761904761904766
0.03333333333333344
-0.30952380952380887
-1.38095238095238
0.20000000000000018
-0.1428571428571428
-0.33333333333333304
-1.3809523809523814
0.5714285714285714
0.43333333333333335
-0.033333333333333215
0.4761904761904763
0.023809523809524058
-0.3095238095238093
-1.3809523809523814
0.16666666666666674
-0.16666666666666652
-1.38095238095238
0.6666666666666667
-0.16666666666666652
-0.33333333333333326
-0.16666666666666652
-0.33333333333333326
-1.4444444444444438
0.6666666666666667
-0.19999999999999996
-0.19999999999999996
-0.1333333333333333
1.1102230246251565e-16
-0.16666666666666652
-0.3666666666666667
-1.314285714285714
-1.314285714285714
0.5
0.19999999999999996
0.0
0.3666666666666668
0.16666666666666674
-0.2619047619047614
0.6666666666666667
0.3142857142857145
0.09999999999999998
0.4761904761904766
0.33333333333333337
1.1102230246251565e-16
0.4761904761904765
0.14285714285714302
-0.19047619047619024
0.6666666666666667
0.33333333333333337
-0.19047619047619002
0.6666666666666667
0.14285714285714324
-0.16666666666666652
0.4761904761904766
0.16666666666666674
-0.1333333333333333
0.30952380952380976
0.05714285714285716
-0.19047619047619024
-1.3809523809523814
0.0
-0.33333333333333326
-1.38095238095238
0.5
0.16666666666666674
-0.16666666666666652
0.16666666666666674
-0.16666666666666652
-1.38095238095238
0.6666666666666667
0.03333333333333355
-0.16666666666666652
0.3666666666666668
0.16666666666666674
-0.2619047619047614
0.6666666666666667
0.2857142857142858
-0.19999999999999996
0.45238095238095277
-0.02380952380952328
-0.3333333333333328
0.1428571428571429
-0.1428571428571428
-0.3428571428571425
-1.3809523809523814
0.1428571428571429
-0.6285714285714281
-1.1428571428571423
-1.3809523809523814
0.05714285714285727
-0.4761904761904763
-0.9714285714285713
-1.4285714285714284
0.3999999999999999
0.3666666666666667
-0.19999999999999996
0.5
0.1333333333333333
-0.19999999999999996
1.1102230246251565e-16
-0.33333333333333326
-1.4444444444444438
-0.9047619047619042
-1.3809523809523805
-1.38095238095238
0.0
0.057142857142857384
-0.1333333333333333
0.25714285714285734
0.4
-0.19999999999999973
-1.2666666666666666
0.4285714285714286
-0.1428571428571428
-0.3095238095238093
-1.3809523809523814
4.440892098500626e-16
-0.16666666666666652
-1.38095238095238
0.4761904761904765
-0.08571428571428563
-0.2857142857142856
-1.3809523809523814
0.3666666666666668
0.16666666666666674
-0.33333333333333304
0.6666666666666667
0.1250000000000001
-0.033333333333333215
0.2500000000000001
0.16666666666666674
-0.16666666666666652
-0.08333333333333326
-0.41666666666666674
-1.416666666666667
-1.4642857142857144
-1.416666666666667
0.6666666666666667
-0.16666666666666652
-0.16666666666666652
0.16666666666666685
0.16666666666666685
-0.33333333333333304
-0.08571428571428541
-0.19999999999999996
-1.2666666666666666
0.20000000000000007
0.19999999999999996
-0.1428571428571428
-0.2857142857142856
-0.6984126984126986
-1.4285714285714284
-1.314285714285714
0.4285714285714286
-0.11111111111111094
-0.1428571428571428
0.031746031746031855
1.1102230246251565e-16
-0.19047619047619024
-1.4285714285714284
0.0
-0.11111111111111072
-0.4444444444444442
-1.3777777777777778
-1.2666666666666666
-1.3809523809523814
0.4761904761904765
0.14285714285714313
-0.19047619047619024
-1.3809523809523814
0.6666666666666667
0.33333333333333337
1.1102230246251565e-16
0.6666666666666667
0.33333333333333337
1.1102230246251565e-16
0.6666666666666667
0.33333333333333337
-0.16666666666666652
0.6666666666666667
0.16666666666666674
-0.16666666666666652
0.16666666666666674
-0.16666666666666652
-1.38095238095238
0.6666666666666667
0.03333333333333344
-0.16666666666666652
0.3666666666666668
0.16666666666666674
-0.2619047619047614
0.5
0.2857142857142858
-0.3666666666666667
0.11904761904761951
-0.5
-1.38095238095238
-0.3095238095238093
-0.3095238095238093
-1.4285714285714284
-1.3809523809523814
0.16666666666666674
-0.16666666666666652
-0.5666666666666669
-1.38095238095238
-0.16666666666666652
-0.5666666666666669
-1.4166666666666665
0.20000000000000007
0.20000000000000007
-0.16666666666666674
-1.333333333333333
0.0
-0.1428571428571428
0.2666666666666666
0.11428571428571455
-0.19999999999999996
0.14285714285714324
-0.33333333333333326
-1.38095238095238
0.25714285714285734
0.023809523809523947
-0.2857142857142856
0.33333333333333337
0.25714285714285734
-0.20000000000000018
0.16666666666666707
-0.5
-1.166666666666667
0.1428571428571429
-0.3095238095238093
-1.3809523809523805
-0.9999999999999998
0.16666666666666663
-0.5666666666666667
-1.025
-0.4166666666666663
-0.33333333333333326
-1.38095238095238
0.5
0.08333333333333348
-0.03571428571428559
-0.33333333333333326
-0.4523809523809519
-1.38095238095238
0.4761904761904766
-0.16666666666666652
-0.30952380952380887
2.220446049250313e-16
-0.1428571428571428
-0.33333333333333304
-1.3809523809523814
0.4761904761904766
0.33333333333333337
-0.3333333333333328
-1.38095238095238
0.4761904761904763
-0.1428571428571428
-0.3095238095238093
4.440892098500626e-16
-0.16666666666666652
-1.416666666666666
0.4761904761904765
-0.08571428571428563
-0.2857142857142856
-1.3809523809523814
0.3666666666666668
0.16666666666666674
-0.45833333333333304
0.5
1.1102230246251565e-16
-0.40000000000000013
-0.12499999999999978
-0.33333333333333326
-0.12500000000000022
-0.3035714285714288
-1.416666666666666
-1.1964285714285712
-1.125
0.2666666666666666
0.057142857142857384
-0.1333333333333333
-1.314285714285714
0.4761904761904766
0.33333333333333337
1.1102230246251565e-16
0.4761904761904763
0.1904761904761908
-0.1428571428571428
-1.1428571428571428
0.6666666666666667
0.33333333333333337
1.1102230246251565e-16
0.6666666666666667
0.33333333333333337
-0.16666666666666652
0.6666666666666667
0.16666666666666674
-0.16666666666666652
0.16666666666666674
-0.16666666666666652
-1.2380952380952372
0.6666666666666667
0.03333333333333355
-0.16666666666666652
0.3666666666666668
0.16666666666666674
-0.16666666666666652
0.6666666666666667
0.3666666666666667
0.09999999999999998
0.5
0.33333333333333337
-0.33333333333333304
0.33333333333333337
-0.5
-1.38095238095238
-0.1333333333333333
0.0
-0.4999999999999998
-0.40000000000000013
-1.2666666666666666
-1.314285714285714
-0.3666666666666665
-0.5
-1.38095238095238
0.3999999999999999
0.3333333333333335
0.16666666666666674
0.6666666666666667
0.3666666666666667
-0.033333333333333215
0.16666666666666674
-0.16666666666666674
-1.38095238095238
0.5
0.03333333333333355
-0.3666666666666665
0.03333333333333344
-0.5952380952380949
-1.416666666666666
0.6
0.20000000000000018
-0.033333333333333215
2.220446049250313e-16
-0.16666666666666674
-1.314285714285714
0.2857142857142859
-0.2857142857142856
-0.4523809523809521
-1.3809523809523814
-0.33333333333333326
-0.5666666666666662
-1.38095238095238
0.3333333333333335
0.19999999999999996
0.16666666666666674
0.0
-0.33333333333333326
-1.38095238095238
0.16666666666666674
-0.16666666666666674
-1.3499999999999996
0.6666666666666667
-0.16666666666666652
-0.45238095238095166
-0.16666666666666652
-0.4523809523809519
-1.333333333333333
0.5428571428571429
0.0
0.0
0.0
3.3306690738754696e-16
-0.3999999999999999
-1.4285714285714284
0.4
-0.20000000000000018
-1.314285714285714
0.43333333333333346
0.33333333333333337
-0.19047619047619002
0.5
0.25714285714285745
0.06666666666666665
0.4761904761904766
0.33333333333333337
-0.16666666666666652
0.4761904761904765
0.02380952380952417
-0.2857142857142856
-1.4285714285714284
0.5
0.14285714285714324
-0.19999999999999996
0.14285714285714324
-0.33333333333333326
-1.3809523809523805
0.3142857142857145
0.14285714285714313
-0.19047619047619024
-1.3809523809523814
0.5
0.4
0.06666666666666665
0.6666666666666667
0.33333333333333337
1.1102230246251565e-16
0.6666666666666667
0.33333333333333337
-0.16666666666666652
0.6666666666666667
0.16666666666666674
-0.1333333333333333
0.5
0.20000000000000007
-0.19047619047619002
-0.14285714285714235
-0.33333333333333326
0.34285714285714297
0.16666666666666652
-0.16666666666666674
0.16666666666666696
-0.023809523809523503
-0.9714285714285711
-1.4285714285714284
0.16666666666666674
-0.5
-1.4166666666666665
-0.16666666666666652
-0.4523809523809519
-1.38095238095238
-0.8285714285714285
-1.1
-1.314285714285714
0.3142857142857144
-0.19999999999999996
0.0
-0.023809523809523503
2.220446049250313e-16
-0.33333333333333304
-1.314285714285714
1.1102230246251565e-16
-0.33333333333333326
-1.3809523809523805
-1.1666666666666665
0.5
0.2666666666666666
0.0
0.6666666666666667
0.33333333333333337
1.1102230246251565e-16
0.6666666666666667
0.33333333333333337
1.1102230246251565e-16
0.6666666666666667
0.33333333333333337
1.1102230246251565e-16
0.6666666666666667
0.33333333333333337
1.1102230246251565e-16
0.6666666666666667
0.33333333333333337
-0.19047619047619002
0.6666666666666667
0.14285714285714324
-0.16666666666666652
0.4761904761904766
0.16666666666666674
-0.1333333333333333
0.30952380952380976
0.057142857142857384
-0.2857142857142856
4.440892098500626e-16
-0.33333333333333326
-1.166666666666667
0.4285714285714286
0.2666666666666666
0.0
0.4761904761904765
0.14285714285714313
-0.19047619047619024
-1.2857142857142856
0.6666666666666667
0.33333333333333337
1.1102230246251565e-16
0.6666666666666667
0.33333333333333337
-0.45833333333333304
0.6666666666666667
-0.16666666666666652
-0.1333333333333333
0.08333333333333348
0.20000000000000007
1.1102230246251565e-16
-0.24999999999999978
-0.5833333333333333
-1.416666666666667
-1.4166666666666665
-1.416666666666667
0.5
0.2666666666666666
0.0
0.6666666666666667
0.33333333333333337
1.1102230246251565e-16
0.6666666666666667
0.33333333333333337
1.1102230246251565e-16
0.6666666666666667
0.33333333333333337
1.1102230246251565e-16
0.6666666666666667
0.33333333333333337
1.1102230246251565e-16
0.6666666666666667
0.33333333333333337
1.1102230246251565e-16
0.6666666666666667
0.33333333333333337
-0.33333333333333326
0.6666666666666667
0.0
-0.1333333333333333
1.1102230246251565e-16
0.20000000000000007
-0.19999999999999973
-0.6666666666666665
-1.3809523809523805
-1.333333333333333
0.6
0.10000000000000009
0.0
0.33333333333333337
0.3999999999999999
-0.033333333333333215
0.0
-0.42857142857142794
-1.38095238095238
0.33333333333333326
0.08571428571428585
-0.20000000000000018
0.14285714285714324
-0.33333333333333326
-1.333333333333333
0.08571428571428574
0.14285714285714313
-0.3428571428571425
-1.314285714285714
0.2333333333333334
-0.28571428571428537
-1.1714285714285717
0.43333333333333346
0.11904761904761951
-0.16666666666666652
0.34285714285714297
0.3666666666666667
-0.033333333333333215
0.14285714285714313
-0.04761904761904745
-0.8285714285714283
-1.2380952380952381
0.16666666666666674
-0.3999999999999999
-1.4444444444444438
1.1102230246251565e-16
-0.33333333333333326
-1.4444444444444442
-0.3333333333333335
-0.5333333333333332
-1.2666666666666666
-1.2000000000000002
0.4
0.0
-0.2857142857142856
0.16666666666666674
-0.28571428571428514
-1.38095238095238
0.4761904761904766
0.03333333333333355
-0.30952380952380887
0.20000000000000018
-0.1428571428571428
-0.4285714285714286
-1.314285714285714
0.5714285714285714
0.3142857142857145
-0.05714285714285694
0.2857142857142858
0.0
-0.2857142857142856
0.2857142857142858
0.2857142857142858
-0.4285714285714284
-1.0714285714285712
0.2857142857142858
-0.1428571428571428
-0.19047619047619024
-1.492063492063492
0.1428571428571429
0.14285714285714313
-0.47619047619047583
-1.0714285714285712
0.2142857142857144
-0.4285714285714284
-1.1142857142857143
0.33333333333333337
0.33333333333333337
-0.19047619047619002
0.5
-0.023809523809523503
-0.47619047619047583
0.11904761904761951
-0.14285714285714235
-0.4999999999999998
-0.5714285714285712
-1.2857142857142856
-1.4285714285714284
-1.3809523809523814
-0.6190476190476188
-0.6190476190476188
-1.4285714285714284
0.33333333333333326
0.3333333333333335
0.08333333333333348
0.6666666666666667
0.16666666666666674
-0.33333333333333304
-1.2666666666666666
0.5
1.1102230246251565e-16
-0.33333333333333326
-0.16666666666666652
-0.5
-1.166666666666667
-0.20000000000000018
-0.5
-0.125
-0.33333333333333326
0.20833333333333337
0.16666666666666674
-0.16666666666666652
-1.333333333333333
0.29166666666666674
0.0
-0.3333333333333335
-1.4166666666666665
-1.1666666666666665
0.6666666666666667
0.33333333333333337
1.1102230246251565e-16
0.6666666666666667
0.33333333333333337
-0.16666666666666652
0.6666666666666667
0.16666666666666674
-0.33333333333333326
0.5
0.10000000000000009
0.0
0.20000000000000018
-0.4285714285714277
0.5
0.3142857142857145
-0.05714285714285694
0.30952380952381
0.02380952380952428
-0.2619047619047614
0.2857142857142858
1.1102230246251565e-16
-0.19047619047619024
-1.314285714285714
0.2857142857142858
0.14285714285714313
-0.19047619047619024
-1.4285714285714284
0.4761904761904765
0.14285714285714302
-0.4285714285714284
-1.3809523809523814
0.6666666666666667
4.440892098500626e-16
-0.19047619047619002
0.2619047619047621
0.11904761904761951
-0.33333333333333304
0.0
-0.5952380952380949
-1.3809523809523814
-0.1428571428571428
-0.3095238095238093
-1.095238095238095
0.5
-0.033333333333333215
-0.19999999999999996
0.16666666666666674
0.0
-0.2333333333333334
1.1102230246251565e-16
-0.23333333333333317
-1.3809523809523805
-1.333333333333333
-0.19999999999999973
-0.5
-1.38095238095238
0.3999999999999999
0.03333333333333344
-0.19999999999999996
0.5
0.3999999999999999
-0.05714285714285694
-0.14285714285714235
-0.33333333333333326
-1.333333333333333
0.4285714285714286
0.2666666666666666
0.0
0.4761904761904765
0.14285714285714302
-0.2857142857142856
0.6666666666666667
0.14285714285714324
1.1102230246251565e-16
0.4761904761904766
0.33333333333333337
1.1102230246251565e-16
0.4761904761904765
0.14285714285714313
-0.19047619047619024
-1.3809523809523814
0.6666666666666667
0.33333333333333337
-0.19047619047619002
0.6666666666666667
0.14285714285714324
1.1102230246251565e-16
0.4761904761904766
0.33333333333333337
1.1102230246251565e-16
0.4761904761904765
0.14285714285714313
-0.19047619047619024
-1.3809523809523814
0.6666666666666667
0.33333333333333337
-0.33333333333333304
0.6666666666666667
-0.023809523809523503
-0.1333333333333333
0.2619047619047623
0.20000000000000007
1.1102230246251565e-16
-0.14285714285714257
-0.47619047619047605
-1.4285714285714284
-1.3809523809523814
0.5
0.2666666666666666
0.0
0.6666666666666667
0.33333333333333337
1.1102230246251565e-16
0.6666666666666667
0.33333333333333337
-0.3333333333333328
0.6666666666666667
5.551115123125783e-16
1.1102230246251565e-16
0.28571428571428614
0.33333333333333337
-0.33333333333333326
0.1904761904761908
-0.4761904761904763
-1.380952380952381
-1.214285714285714
0.33333333333333337
0.33333333333333337
1.1102230246251565e-16
0.5
0.16666666666666674
-0.16666666666666652
-1.1666666666666665
0.6666666666666667
0.33333333333333337
1.1102230246251565e-16
0.6666666666666667
0.33333333333333337
-0.16666666666666652
0.6666666666666667
0.16666666666666674
-0.16666666666666652
0.16666666666666674
-0.16666666666666652
-1.333333333333333
0.6666666666666667
-0.16666666666666652
-0.16666666666666652
0.16666666666666674
0.16666666666666674
-0.47619047619047583
0.6666666666666667
-0.14285714285714235
-0.19999999999999996
-1.2666666666666666
-0.14285714285714235
-0.19999999999999973
-0.34285714285714275
-0.7142857142857142
-1.4285714285714284
-1.3809523809523814
0.3999999999999999
-0.2571428571428569
-0.19999999999999996
0.14285714285714302
0.19999999999999996
-0.033333333333333215
-0.5952380952380949
-1.2857142857142856
0.33333333333333326
0.19999999999999996
-0.19999999999999996
-0.033333333333333215
-0.6666666666666663
-1.38095238095238
0.6
0.20000000000000007
0.09999999999999998
0.32499999999999996
0.4
-0.05714285714285694
0.29166666666666685
-0.16071428571428514
-0.5
0.4761904761904766
1.1102230246251565e-16
-0.19047619047619002
0.14285714285714302
0.0
-0.19047619047619024
0.14285714285714324
2.220446049250313e-16
-0.41666666666666674
-1.4642857142857144
-1.35
0.4761904761904765
0.2142857142857144
-0.2571428571428571
-1.0714285714285707
0.5
0.20000000000000007
1.1102230246251565e-16
0.0
-0.42857142857142794
-1.0714285714285707
0.5
0.14285714285714302
0.0
0.4761904761904766
0.33333333333333337
1.1102230246251565e-16
0.45238095238095255
0.14285714285714313
-0.19047619047619024
-1.3809523809523814
0.6666666666666667
0.33333333333333337
1.1102230246251565e-16
0.6666666666666667
0.33333333333333337
1.1102230246251565e-16
0.6666666666666667
0.33333333333333337
1.1102230246251565e-16
0.6666666666666667
0.33333333333333337
-0.19047619047619002
0.6666666666666667
0.14285714285714324
1.1102230246251565e-16
0.4761904761904766
0.33333333333333337
1.1102230246251565e-16
0.4761904761904765
0.14285714285714313
-0.19047619047619024
-1.3809523809523814
0.6666666666666667
0.33333333333333337
1.1102230246251565e-16
0.6666666666666667
0.33333333333333337
1.1102230246251565e-16
0.6666666666666667
0.33333333333333337
-0.19047619047619002
0.6666666666666667
0.14285714285714324
-0.19047619047619002
0.4761904761904766
0.14285714285714324
1.1102230246251565e-16
0.2857142857142858
0.14285714285714313
-0.19047619047619024
-1.3809523809523805
0.4761904761904765
0.14285714285714313
-0.19047619047619024
-1.464285714285714
0.6666666666666667
0.33333333333333337
-0.19047619047619002
0.6666666666666667
0.14285714285714324
-0.16666666666666652
0.4761904761904766
0.16666666666666674
-0.1333333333333333
0.30952380952380976
0.05714285714285716
-0.19047619047619024
-1.4285714285714284
0.0
-0.33333333333333326
-1.38095238095238
0.5
0.2666666666666666
0.0
0.6666666666666667
0.33333333333333337
1.1102230246251565e-16
0.6666666666666667
0.33333333333333337
1.1102230246251565e-16
0.6666666666666667
0.33333333333333337
1.1102230246251565e-16
0.6666666666666667
0.33333333333333337
-0.19047619047619002
0.6666666666666667
0.11904761904761951
-0.16666666666666652
0.42857142857142894
0.16666666666666674
-0.16666666666666652
0.30952380952380976
-0.023809523809523725
-0.4285714285714284
0.16666666666666674
-0.33333333333333326
0.0
-0.49999999999999956
-1.38095238095238
0.3333333333333335
0.10714285714285732
0.08333333333333348
0.2619047619047624
0.16666666666666674
-0.33333333333333304
-0.04761904761904745
-0.7619047619047619
-0.16666666666666652
-0.7333333333333334
-1.38095238095238
0.0
-0.40000000000000013
-1.314285714285714
0.03333333333333344
0.13333333333333353
-0.16666666666666652
0.0
-0.33333333333333326
0.4666666666666667
0.06666666666666665
0.0
0.5
0.20000000000000007
1.1102230246251565e-16
1.1102230246251565e-16
-0.33333333333333326
-1.3809523809523805
0.5
0.16666666666666674
-0.2857142857142856
0.16666666666666674
-0.28571428571428514
0.45238095238095277
-0.47619047619047583
-0.16666666666666652
-0.2857142857142856
2.220446049250313e-16
-0.3999999999999999
-0.19047619047619024
-0.6285714285714286
-1.3809523809523814
0.20000000000000007
-0.33333333333333326
0.3999999999999999
0.4
0.06666666666666665
0.5
0.4
0.06666666666666665
0.6666666666666667
0.33333333333333337
-0.33333333333333304
0.6666666666666667
1.1102230246251565e-16
1.1102230246251565e-16
0.33333333333333337
0.33333333333333337
-0.16666666666666652
0.3333333333333335
-0.08333333333333326
-0.3333333333333335
-1.4166666666666665
-1.416666666666667
0.5
0.33333333333333337
-0.33333333333333304
0.33333333333333337
-0.5
-1.38095238095238
1.1102230246251565e-16
-0.16666666666666674
-1.38095238095238
0.33333333333333337
0.0
-0.19999999999999996
-0.16666666666666652
-0.5
-1.38095238095238
0.40000000000000013
0.16666666666666674
1.1102230246251565e-16
-1.38095238095238
0.23333333333333328
0.3999999999999999
-0.19999999999999996
0.16666666666666674
-0.3999999999999997
-1.4166666666666665
0.20000000000000018
0.20000000000000018
-0.16666666666666652
0.0
-0.5249999999999999
-1.314285714285714
0.0
-0.5249999999999999
3.3306690738754696e-16
-0.33333333333333326
-1.0714285714285707
-0.125
-0.125
-0.5535714285714286
-1.35
-1.416666666666667
0.5
0.3571428571428572
0.25
0.2619047619047623
0.33333333333333337
-0.09999999999999987
0.11904761904761929
-0.35714285714285676
-1.3809523809523805
-1.3809523809523814
0.43333333333333346
0.33333333333333337
-0.1904761904761898
0.5
0.3142857142857145
-0.05714285714285694
0.4761904761904766
0.11904761904761951
-0.19047619047619002
0.5714285714285714
0.2857142857142858
0.0
-0.47619047619047605
0.2857142857142858
2.220446049250313e-16
-0.14285714285714257
-1.4285714285714284
1.1102230246251565e-16
-0.3095238095238093
-1.3809523809523814
0.4285714285714286
0.3333333333333335
4.440892098500626e-16
0.5
0.3999999999999999
0.2666666666666667
0.6666666666666667
0.5
-0.16666666666666652
0.5
0.16666666666666674
-0.5
-0.16666666666666652
-1.38095238095238
-0.16666666666666652
-0.6666666666666665
0.19999999999999996
0.4
0.06666666666666665
0.43333333333333324
0.4
0.06666666666666665
-1.2666666666666666
0.6666666666666667
0.33333333333333337
-0.33333333333333304
0.6666666666666667
4.440892098500626e-16
1.1102230246251565e-16
0.2619047619047621
0.33333333333333337
-0.19999999999999996
0.11904761904761929
-0.4761904761904763
-1.3809523809523814
0.43333333333333346
0.33333333333333337
1.1102230246251565e-16
0.5
0.4
-0.05714285714285694
0.6666666666666667
0.14285714285714324
1.1102230246251565e-16
0.4761904761904766
0.33333333333333337
1.1102230246251565e-16
0.4761904761904765
0.3571428571428572
-0.4285714285714284
0.6666666666666667
4.440892098500626e-16
-0.28571428571428514
2.220446049250313e-16
-0.28571428571428514
0.2857142857142858
-0.08571428571428563
-0.2857142857142856
-1.3809523809523814
0.20000000000000018
2.220446049250313e-16
-0.33333333333333326
-1.4285714285714284
0.5
0.3666666666666667
-0.20000000000000018
0.33333333333333337
-0.5333333333333332
1.1102230246251565e-16
-0.6666666666666665
0.2666666666666667
-0.1666666666666663
-0.16666666666666652
-1.333333333333333
0.1777777777777778
0.3999999999999999
-0.033333333333333215
0.16666666666666674
-0.33333333333333304
-0.5111111111111113
-1.4920634920634912
0.5
0.20000000000000007
-0.45833333333333304
-0.2916666666666665
-0.33333333333333326
-1.4166666666666665
0.050000000000000155
0.2666666666666667
-0.19999999999999996
-0.04166666666666652
-0.6666666666666665
-1.416666666666667
-1.35
-1.416666666666667
0.43333333333333346
0.16666666666666674
-0.1333333333333333
0.33333333333333326
0.3999999999999999
-0.19999999999999973
-0.1666666666666663
-0.33333333333333326
2.220446049250313e-16
-0.16666666666666674
-1.35
0.4761904761904765
-0.28571428571428537
-0.2857142857142856
-1.3809523809523814
0.16666666666666674
0.16666666666666674
-0.16666666666666652
0.6666666666666667
0.33333333333333337
1.1102230246251565e-16
0.6666666666666667
0.33333333333333337
1.1102230246251565e-16
0.6666666666666667
0.33333333333333337
-0.19047619047619002
0.6666666666666667
0.14285714285714324
-0.19047619047619002
0.4761904761904766
0.11904761904761951
-0.16666666666666652
0.2857142857142858
0.023809523809523947
-0.4285714285714286
0.02380952380952417
-0.4285714285714286
-1.464285714285714
0.4761904761904766
0.03333333333333355
-0.16666666666666652
0.20000000000000018
2.220446049250313e-16
-0.33333333333333304
-1.3809523809523814
0.6666666666666667
0.3666666666666667
-0.033333333333333215
0.16666666666666674
-0.16666666666666674
-1.38095238095238
0.5
-0.16666666666666674
-0.3666666666666665
-0.16666666666666652
-0.5952380952380949
-1.4166666666666665
0.43333333333333346
0.14285714285714324
1.1102230246251565e-16
0.4285714285714286
0.4
0.06666666666666665
0.45238095238095266
0.11904761904761929
-0.2857142857142856
-1.3809523809523814
0.6666666666666667
0.14285714285714324
1.1102230246251565e-16
0.4761904761904766
0.33333333333333337
1.1102230246251565e-16
0.4761904761904765
0.14285714285714313
-0.19047619047619024
-1.4285714285714284
0.6666666666666667
0.33333333333333337
1.1102230246251565e-16
0.6666666666666667
0.33333333333333337
1.1102230246251565e-16
0.6666666666666667
0.33333333333333337
-0.45833333333333326
0.6666666666666667
-0.12499999999999978
-0.16666666666666652
-0.125
-0.16666666666666652
-1.333333333333333
0.3333333333333335
-0.20000000000000018
-0.375
-1.416666666666667
0.3666666666666668
0.16666666666666674
-0.16666666666666652
0.6666666666666667
0.43333333333333335
0.09999999999999998
0.6666666666666667
0.33333333333333337
-0.33333333333333304
0.6666666666666667
4.440892098500626e-16
-0.16666666666666652
5.551115123125783e-16
-0.16666666666666652
-1.38095238095238
0.02380952380952417
-0.6428571428571428
-1.4285714285714284
0.16666666666666685
0.16666666666666674
-0.16666666666666652
0.5
0.5
0.25
0.6666666666666667
0.33333333333333337
1.1102230246251565e-16
0.6666666666666667
0.33333333333333337
1.1102230246251565e-16
0.6666666666666667
0.33333333333333337
-0.16666666666666652
0.6666666666666667
0.16666666666666674
-0.3333333333333328
0.16666666666666674
-0.33333333333333304
0.2619047619047621
0.03333333333333355
-0.3666666666666665
-0.08571428571428563
-0.7142857142857142
-1.3809523809523814
0.6
0.3142857142857145
0.09999999999999998
0.4285714285714286
0.3999999999999999
-0.033333333333333215
0.45238095238095244
0.023809523809523947
-0.3095238095238091
0.5
0.16666666666666674
-0.33333333333333326
0.33333333333333337
-0.33333333333333326
1.1102230246251565e-16
-0.42857142857142794
0.3333333333333335
0.2142857142857144
-0.1428571428571428
0.42857142857142894
-0.19047619047619024
-0.5
-0.2857142857142856
-0.5952380952380951
-1.4285714285714284
-0.9285714285714282
-1.3809523809523805
-1.314285714285714
0.0
-0.3999999999999997
-0.5
-1.333333333333333
-0.1333333333333333
-0.16666666666666652
-0.16666666666666652
-1.2666666666666666
-0.3666666666666667
-1.2666666666666666
-1.2666666666666666
0.5
-0.033333333333333215
-0.16666666666666652
0.3666666666666668
0.16666666666666674
-0.16666666666666652
0.6666666666666667
0.43333333333333335
0.09999999999999998
0.6666666666666667
0.33333333333333337
1.1102230246251565e-16
0.6666666666666667
0.33333333333333337
-0.47619047619047583
0.6666666666666667
-0.14285714285714235
-0.19999999999999973
-0.14285714285714235
-0.19999999999999973
-1.38095238095238
-0.34285714285714275
-0.47619047619047583
0.3999999999999999
0.19999999999999996
-0.1333333333333333
0.6666666666666667
0.43333333333333335
0.09999999999999998
0.6666666666666667
0.33333333333333337
1.1102230246251565e-16
0.6666666666666667
0.33333333333333337
1.1102230246251565e-16
0.6666666666666667
0.33333333333333337
-0.19047619047619002
0.6666666666666667
0.14285714285714324
1.1102230246251565e-16
0.4761904761904766
0.33333333333333337
-0.19047619047619002
0.4761904761904765
0.0
-0.4285714285714284
-1.3809523809523805
0.42857142857142894
4.440892098500626e-16
-0.16666666666666652
-0.1428571428571428
-0.3095238095238093
-1.4285714285714284
0.02380952380952417
-0.7142857142857142
-1.3809523809523814
-0.16666666666666652
0.02380952380952428
-0.16666666666666652
0.047619047619048116
0.16666666666666674
-0.16666666666666652
-1.166666666666666
0.45238095238095266
0.11904761904761929
-0.2857142857142856
-1.3809523809523814
0.6666666666666667
0.14285714285714324
-0.19047619047619002
0.4761904761904766
0.14285714285714324
1.1102230246251565e-16
0.2857142857142858
0.14285714285714313
-0.19047619047619024
-1.3809523809523814
0.4761904761904765
0.14285714285714313
-0.19047619047619024
-1.214285714285714
0.6666666666666667
0.33333333333333337
-0.19047619047619002
0.6666666666666667
0.14285714285714324
-0.16666666666666652
0.4761904761904766
0.16666666666666674
-0.33333333333333326
0.30952380952380976
-0.14285714285714257
-0.19047619047619024
0.0
-0.49999999999999956
0.5
-0.1904761904761898
-0.33333333333333326
-1.333333333333333
0.2619047619047623
1.1102230246251565e-16
1.1102230246251565e-16
-0.1428571428571428
-0.5714285714285714
-1.3809523809523814
0.5
-0.02380952380952328
-0.16666666666666652
-1.333333333333333
0.4761904761904766
0.33333333333333337
-0.19047619047619002
0.45238095238095255
0.0
-0.2857142857142856
0.4761904761904766
0.14285714285714324
1.1102230246251565e-16
0.2857142857142858
0.14285714285714302
-0.26190476190476164
0.4761904761904763
0.02380952380952417
-0.3095238095238093
-1.3809523809523814
0.16666666666666674
-0.16666666666666674
-1.38095238095238
0.33333333333333337
0.03333333333333355
-0.5666666666666664
0.03333333333333355
-0.5666666666666664
0.3999999999999999
0.3999999999999999
0.09999999999999998
0.0
-0.3333333333333335
-1.35
0.4666666666666667
0.2333333333333334
-0.033333333333333215
0.6666666666666667
0.16666666666666674
-0.16666666666666652
0.16666666666666674
-0.16666666666666652
-1.38095238095238
0.16666666666666674
-0.6428571428571423
-1.416666666666666
-0.24999999999999978
0.02380952380952428
-0.40000000000000013
0.07142857142857162
-0.1499999999999999
0.05714285714285716
0.05714285714285716
-0.26190476190476164
-1.3809523809523814
0.0
-0.3333333333333335
0.0
-0.3333333333333335
-1.3499999999999996
0.6666666666666667
0.03333333333333355
-0.16666666666666652
0.3666666666666668
0.16666666666666674
-0.16666666666666652
0.6666666666666667
0.43333333333333335
0.09999999999999998
0.6666666666666667
0.33333333333333337
-0.16666666666666652
0.6666666666666667
0.16666666666666674
1.1102230246251565e-16
0.5
0.33333333333333337
-0.19999999999999996
0.33333333333333337
-0.4761904761904756
0.43333333333333346
0.14285714285714324
-0.19047619047619002
0.4285714285714286
0.25714285714285745
-0.05714285714285694
0.2857142857142858
0.0
-0.26190476190476164
-1.3809523809523814
0.2857142857142858
0.023809523809524058
-0.3095238095238093
-1.3809523809523814
0.16666666666666696
-0.3095238095238093
0.16666666666666674
-0.4999999999999998
-0.33333333333333326
-0.5666666666666667
0.16666666666666674
-0.033333333333333215
-0.3666666666666665
0.19999999999999996
-0.3333333333333335
0.6
0.43333333333333335
0.09999999999999998
0.5
0.4
0.06666666666666665
0.6666666666666667
0.33333333333333337
-0.33333333333333304
0.6666666666666667
1.1102230246251565e-16
1.1102230246251565e-16
0.33333333333333337
0.33333333333333337
1.1102230246251565e-16
0.3333333333333335
1.1102230246251565e-16
-0.33333333333333326
0.6666666666666667
0.33333333333333337
-0.16666666666666652
0.6666666666666667
0.16666666666666674
-0.16666666666666652
0.16666666666666674
-0.16666666666666652
0.6666666666666667
0.03333333333333355
-0.33333333333333326
0.3666666666666668
0.0
-0.2333333333333334
0.5
0.3999999999999999
0.09999999999999998
0.0
-0.16666666666666652
-1.2142857142857135
0.5
0.16666666666666674
0.0
0.5
0.33333333333333337
-0.19999999999999973
0.33333333333333337
-0.33333333333333304
0.40000000000000013
4.440892098500626e-16
-0.16666666666666652
2.220446049250313e-16
-0.16666666666666674
-1.314285714285714
0.45238095238095255
-0.02857142857142847
-0.14285714285714257
0.3666666666666668
0.16666666666666674
-0.16666666666666652
0.6666666666666667
0.3666666666666667
0.028571428571428803
0.5
0.21428571428571463
-0.33333333333333326
0.14285714285714324
-0.47619047619047583
-1.416666666666666
0.14285714285714302
0.0
-0.2619047619047614
0.2619047619047623
0.16666666666666674
-0.28571428571428514
-1.2666666666666666
2.220446049250313e-16
-0.4285714285714286
-1.4285714285714284
0.4761904761904766
-0.16666666666666674
-0.16666666666666652
1.1102230246251565e-16
2.220446049250313e-16
-0.33333333333333326
-1.3809523809523814
0.6666666666666667
0.16666666666666674
-0.19047619047619002
0.5
0.14285714285714324
-0.33333333333333326
0.14285714285714335
-0.33333333333333326
0.14285714285714302
0.14285714285714302
-0.19047619047619024
0.5
0.16666666666666674
-0.16666666666666652
-1.2666666666666666
0.6666666666666667
0.33333333333333337
-0.16666666666666652
0.6666666666666667
0.16666666666666674
-0.33333333333333326
0.5
1.1102230246251565e-16
1.1102230246251565e-16
0.0
-0.33333333333333326
-1.333333333333333
0.5
0.16666666666666674
-0.16666666666666652
0.6666666666666667
0.33333333333333337
1.1102230246251565e-16
0.6666666666666667
0.33333333333333337
-0.19047619047619002
0.6666666666666667
0.11904761904761951
-0.16666666666666652
0.42857142857142894
0.16666666666666674
-0.16666666666666652
0.02380952380952417
-0.3095238095238093
-1.464285714285714
0.6666666666666667
0.03333333333333355
-0.16666666666666652
0.3666666666666668
0.16666666666666674
-0.16666666666666652
0.6666666666666667
0.43333333333333335
-0.033333333333333215
0.6666666666666667
0.16666666666666674
1.1102230246251565e-16
0.5
0.33333333333333337
-0.19999999999999973
0.33333333333333337
-0.33333333333333326
-1.38095238095238
0.40000000000000013
0.16666666666666674
-0.16666666666666652
0.16666666666666674
-0.16666666666666674
-1.314285714285714
0.6666666666666667
0.03333333333333355
-0.16666666666666652
0.3666666666666668
0.16666666666666674
-0.16666666666666652
0.6666666666666667
0.43333333333333335
0.09999999999999998
0.6666666666666667
0.33333333333333337
1.1102230246251565e-16
0.6666666666666667
0.33333333333333337
1.1102230246251565e-16
0.6666666666666667
0.33333333333333337
-0.19047619047619002
0.6666666666666667
0.1190476190476194
-0.33333333333333326
0.42857142857142894
0.0
-0.33333333333333326
-0.14285714285714235
-0.2857142857142856
-1.3809523809523805
-1.2857142857142856
-0.8333333333333333
-0.06666666666666665
0.033333333333333215
-0.19999999999999996
-0.3333333333333335
-0.5952380952380947
-1.4166666666666665
-1.333333333333333
0.43333333333333346
0.14285714285714324
1.1102230246251565e-16
-1.0999999999999996
0.4285714285714286
0.3999999999999999
-0.033333333333333215
0.45238095238095266
0.023809523809524058
-0.19047619047619024
-1.3809523809523814
0.5
0.33333333333333337
-0.19999999999999996
0.33333333333333337
-0.33333333333333326
0.43333333333333346
0.33333333333333337
1.1102230246251565e-16
0.5
0.4
0.06666666666666665
0.6666666666666667
0.33333333333333337
1.1102230246251565e-16
0.6666666666666667
0.33333333333333337
1.1102230246251565e-16
0.6666666666666667
0.33333333333333337
-0.16666666666666652
0.6666666666666667
0.16666666666666674
-0.28571428571428537
0.16666666666666674
-0.28571428571428514
0.4761904761904766
0.03333333333333344
-0.3333333333333328
0.20000000000000018
-0.1428571428571428
-0.33333333333333304
0.20000000000000018
0.03333333333333344
0.4761904761904765
-0.08571428571428563
-0.2857142857142856
-1.4285714285714284
0.3666666666666668
0.16666666666666674
-0.16666666666666652
0.6666666666666667
0.3666666666666667
-0.03333333333333344
0.16666666666666674
-0.16666666666666652
0.5
0.03333333333333355
-0.5
0.03333333333333344
-0.7222222222222219
0.33333333333333337
-0.022222222222222143
-0.033333333333333215
-0.3888888888888886
-0.33333333333333326
-0.2222222222222221
-0.7333333333333332
-1.5277777777777777
-1.4444444444444446
0.3666666666666668
-0.33333333333333304
-0.6190476190476186
0.19999999999999996
-0.19999999999999996
-0.033333333333333215
0.03333333333333344
-0.40000000000000013
-0.19047619047619024
-0.6428571428571428
-1.047619047619048
1.1102230246251565e-16
-0.4999999999999998
0.33333333333333337
0.25
0.16666666666666674
0.33333333333333337
0.33333333333333337
1.1102230246251565e-16
0.29166666666666674
2.220446049250313e-16
-0.4285714285714284
-1.5
0.6666666666666667
0.11904761904761951
-0.33333333333333304
0.45238095238095277
4.440892098500626e-16
1.1102230246251565e-16
0.14285714285714302
0.14285714285714302
-0.3428571428571425
0.11904761904761929
-0.47619047619047583
-1.3809523809523814
0.40000000000000013
0.16666666666666674
-0.16666666666666652
0.16666666666666674
-0.16666666666666674
0.5
-0.16666666666666652
-0.16666666666666652
-0.16666666666666652
-0.5
-1.38095238095238
0.5
-0.08333333333333326
-0.33333333333333326
0.16666666666666674
-0.33333333333333326
-0.19999999999999973
-0.5333333333333332
-1.3809523809523805
-0.3666666666666667
-0.5
-1.3809523809523805
0.3999999999999999
0.19999999999999996
-0.1333333333333333
0.6666666666666667
0.43333333333333335
-0.03333333333333344
0.6666666666666667
0.16666666666666674
-0.1333333333333333
0.5
0.20000000000000007
1.1102230246251565e-16
1.1102230246251565e-16
-0.33333333333333326
0.5
0.2666666666666666
0.0
0.6666666666666667
0.33333333333333337
-0.16666666666666674
0.6666666666666667
0.16666666666666674
-0.16666666666666652
0.16666666666666674
0.16666666666666674
-0.3999999999999999
-0.16666666666666674
0.3666666666666668
-0.16666666666666674
-0.3095238095238091
0.3999999999999999
0.25714285714285745
0.06666666666666665
0.4761904761904766
0.33333333333333337
-0.19047619047619002
0.4761904761904765
0.0
-0.26190476190476164
-1.3809523809523814
0.42857142857142894
0.16666666666666674
-0.33333333333333304
0.023809523809524058
-0.4285714285714286
4.440892098500626e-16
-0.5
2.220446049250313e-16
1.1102230246251565e-16
-0.4285714285714286
0.5
0.3928571428571429
0.0
0.42857142857142894
4.440892098500626e-16
-0.16666666666666652
-0.1428571428571428
-0.3095238095238093
-1.4285714285714284
0.30952380952380976
-0.08571428571428541
-0.6190476190476188
0.03333333333333344
-0.5
0.43333333333333324
0.2666666666666666
0.0
0.33333333333333337
0.16666666666666685
-0.16666666666666652
1.1102230246251565e-16
-0.33333333333333326
0.5
0.2333333333333334
-0.19999999999999996
0.6666666666666667
0.0
-0.1333333333333333
0.0
0.20000000000000018
-0.33333333333333304
-0.7857142857142851
-1.4166666666666665
0.0
-0.17142857142857149
0.4285714285714286
-2.220446049250313e-16
0.0
2.220446049250313e-16
2.220446049250313e-16
-0.33333333333333304
0.6666666666666667
0.33333333333333337
-0.19047619047619002
0.6666666666666667
0.14285714285714324
1.1102230246251565e-16
0.4761904761904766
0.33333333333333337
1.1102230246251565e-16
0.4761904761904765
0.14285714285714302
-0.19047619047619024
0.6666666666666667
0.33333333333333337
-0.19047619047619002
0.6666666666666667
0.14285714285714324
1.1102230246251565e-16
0.4761904761904766
0.33333333333333337
1.1102230246251565e-16
0.4761904761904765
0.14285714285714313
-0.19047619047619024
-1.4285714285714284
0.6666666666666667
0.33333333333333337
-0.47619047619047583
0.6666666666666667
-0.14285714285714235
-0.33333333333333326
-0.14285714285714235
-0.33333333333333326
-1.4166666666666665
-0.34285714285714275
-0.5714285714285712
0.20000000000000018
-0.14285714285714235
-0.33333333333333326
0.48571428571428577
0.3666666666666667
-0.08571428571428563
3.3306690738754696e-16
-0.4285714285714284
-1.314285714285714
-1.4285714285714284
0.4761904761904766
-0.16666666666666674
-0.16666666666666652
2.220446049250313e-16
1.1102230246251565e-16
-0.33333333333333304
0.6666666666666667
0.33333333333333337
-0.19047619047619002
0.6666666666666667
0.11904761904761918
-0.16666666666666652
0.42857142857142894
0.16666666666666674
-0.28571428571428514
0.02380952380952417
-0.4285714285714286
0.4761904761904766
-0.16666666666666674
-0.16666666666666652
2.220446049250313e-16
3.3306690738754696e-16
-0.4285714285714284
-1.4285714285714284
0.16666666666666674
-0.28571428571428514
-1.333333333333333
0.45238095238095255
0.03333333333333355
-0.33333333333333326
0.20000000000000018
-0.1666666666666663
-0.4285714285714284
0.33333333333333337
0.19999999999999996
0.033333333333333215
-0.5
0.5
0.19999999999999996
-0.033333333333333215
0.3666666666666668
0.16666666666666674
-0.16666666666666652
0.3666666666666667
0.033333333333333326
-1.2666666666666666
0.6666666666666667
0.03333333333333355
-0.16666666666666652
0.3666666666666668
0.16666666666666674
-0.16666666666666652
0.6666666666666667
0.2666666666666666
-0.19999999999999996
0.5
1.1102230246251565e-16
-0.19047619047619002
-0.14285714285714235
-0.33333333333333326
-1.333333333333333
0.2619047619047621
0.0
-0.33333333333333326
0.02380952380952417
-0.3095238095238093
-1.3809523809523814
0.6666666666666667
0.03333333333333344
-0.16666666666666652
0.3666666666666668
0.16666666666666674
-0.16666666666666652
0.3666666666666667
0.03333333333333344
0.6666666666666667
0.03333333333333355
-0.16666666666666652
0.3666666666666668
0.16666666666666674
-0.16666666666666652
0.6666666666666667
0.3666666666666667
-0.033333333333333215
0.16666666666666674
-0.16666666666666652
-1.3809523809523805
0.16666666666666674
-0.5
-1.38095238095238
0.08333333333333359
0.16666666666666674
-0.16666666666666652
0.16666666666666674
0.08333333333333348
0.16666666666666674
-0.5
-1.333333333333333
0.16666666666666674
-0.033333333333333215
-0.16666666666666652
0.3666666666666668
0.16666666666666674
-0.33333333333333304
0.6666666666666667
0.20000000000000018
-0.03333333333333344
5.551115123125783e-16
-0.16666666666666652
0.30952380952380976
-0.6190476190476188
-0.2857142857142856
-0.16666666666666652
-0.5
0.16666666666666674
1.1102230246251565e-16
-0.16666666666666652
-1.3809523809523805
-1.333333333333333
0.6666666666666667
0.33333333333333337
1.1102230246251565e-16
0.6666666666666667
0.33333333333333337
1.1102230246251565e-16
0.6666666666666667
0.33333333333333337
1.1102230246251565e-16
0.6666666666666667
0.33333333333333337
-0.16666666666666652
0.6666666666666667
0.16666666666666674
-0.19047619047619002
0.5
0.14285714285714324
-0.19999999999999996
0.14285714285714313
-0.33333333333333326
0.3142857142857145
0.1428571428571429
-0.26190476190476164
-1.314285714285714
0.5
0.3666666666666667
0.033333333333333215
0.16666666666666674
-0.16666666666666652
0.6666666666666667
0.03333333333333355
-0.30952380952380887
0.3666666666666668
0.02380952380952439
-0.16666666666666652
0.5714285714285714
0.43333333333333335
0.09999999999999998
0.4761904761904765
0.14285714285714302
-0.19047619047619024
0.6666666666666667
0.33333333333333337
1.1102230246251565e-16
0.6666666666666667
0.33333333333333337
-0.19047619047619002
0.6666666666666667
0.14285714285714324
1.1102230246251565e-16
0.4761904761904766
0.33333333333333337
1.1102230246251565e-16
0.4761904761904765
0.14285714285714302
-0.6507936507936507
0.6666666666666667
-0.27777777777777746
-0.16666666666666652
-0.05555555555555536
0.16666666666666674
-0.33333333333333326
-0.33333333333333326
-0.7555555555555553
-1.3333333333333326
-1.4444444444444446
1.1102230246251565e-16
-0.5
0.2666666666666667
0.0
-0.033333333333333215
-1.0
0.2333333333333334
0.19999999999999996
0.06666666666666665
0.0
-0.39999999999999947
-1.3809523809523805
0.19999999999999996
-0.40000000000000036
-0.9714285714285715
0.43333333333333346
0.33333333333333337
1.1102230246251565e-16
0.4666666666666667
0.3999999999999999
-0.19999999999999973
0.6666666666666667
4.440892098500626e-16
-0.16666666666666652
4.440892098500626e-16
-0.16666666666666652
0.4761904761904765
-0.08571428571428541
-0.2857142857142856
0.3666666666666668
0.16666666666666674
-0.16666666666666652
0.6666666666666667
0.43333333333333335
-0.05714285714285694
0.6666666666666667
0.14285714285714324
1.1102230246251565e-16
0.4761904761904766
0.33333333333333337
-0.16666666666666652
0.4761904761904765
0.02380952380952417
-0.19047619047619024
0.5
0.33333333333333337
-0.33333333333333326
0.33333333333333337
-0.49999999999999956
0.16666666666666674
4.440892098500626e-16
-0.16666666666666652
-0.1666666666666663
-0.16666666666666652
-1.416666666666666
0.45238095238095266
-0.08571428571428563
-0.4285714285714284
-1.314285714285714
0.3666666666666668
0.02380952380952428
-0.11904761904761862
0.5714285714285714
0.3142857142857145
-0.20000000000000018
0.2857142857142858
-0.1428571428571428
-0.19047619047619024
-1.314285714285714
0.3928571428571428
0.14285714285714302
-0.19047619047619024
0.3333333333333335
1.1102230246251565e-16
-0.33333333333333326
0.6666666666666667
0.33333333333333337
1.1102230246251565e-16
0.6666666666666667
0.33333333333333337
1.1102230246251565e-16
0.6666666666666667
0.33333333333333337
-0.19047619047619002
0.6666666666666667
0.11904761904761951
-0.16666666666666652
0.42857142857142894
0.16666666666666674
-0.3333333333333328
0.023809523809524058
-0.2857142857142856
-1.2380952380952381
0.2619047619047621
0.03333333333333355
-0.5
-0.08571428571428563
-0.6190476190476191
-1.2857142857142856
0.43333333333333324
0.43333333333333335
0.09999999999999998
0.5
0.16666666666666674
-0.16666666666666652
0.6666666666666667
0.33333333333333337
-0.19047619047619002
0.6666666666666667
0.14285714285714324
1.1102230246251565e-16
0.4761904761904766
0.33333333333333337
1.1102230246251565e-16
0.4761904761904765
0.14285714285714302
-0.26190476190476164
0.6666666666666667
0.16666666666666674
-0.33333333333333326
0.16666666666666674
-0.33333333333333326
1.1102230246251565e-16
-0.8999999999999999
-0.16666666666666652
-0.5666666666666667
-0.04999999999999982
0.30000000000000004
0.16666666666666674
-0.5666666666666667
-1.314285714285714
0.0
-0.5
-0.16666666666666674
0.16666666666666674
-0.2619047619047614
0.16666666666666674
0.16666666666666718
-0.16666666666666652
0.4761904761904766
0.33333333333333337
-0.33333333333333304
0.4761904761904765
-0.1428571428571428
-0.26190476190476164
-0.02380952380952328
0.16666666666666674
-0.3999999999999999
-0.33333333333333304
0.3666666666666668
-0.033333333333333215
-0.16666666666666652
0.6
0.4
0.06666666666666665
0.6666666666666667
0.43333333333333335
0.09999999999999998
0.6666666666666667
0.33333333333333337
-0.16666666666666652
0.6666666666666667
0.16666666666666674
-0.1333333333333333
0.5
0.20000000000000007
1.1102230246251565e-16
0.0
-0.33333333333333326
-1.333333333333333
0.5
0.2666666666666666
-0.1428571428571428
0.6666666666666667
0.14285714285714324
1.1102230246251565e-16
0.4761904761904766
0.33333333333333337
1.1102230246251565e-16
0.4761904761904765
0.14285714285714302
-0.2857142857142856
0.6666666666666667
0.14285714285714324
1.1102230246251565e-16
0.4761904761904766
0.33333333333333337
-0.19047619047619002
0.4761904761904765
2.220446049250313e-16
-0.19047619047619024
-1.3809523809523814
0.4761904761904766
0.33333333333333337
1.1102230246251565e-16
0.4761904761904765
0.14285714285714302
-0.19047619047619024
0.6666666666666667
0.33333333333333337
1.1102230246251565e-16
0.6666666666666667
0.33333333333333337
1.1102230246251565e-16
0.6666666666666667
0.33333333333333337
1.1102230246251565e-16
0.6666666666666667
0.33333333333333337
1.1102230246251565e-16
0.6666666666666667
0.33333333333333337
1.1102230246251565e-16
0.6666666666666667
0.33333333333333337
1.1102230246251565e-16
0.6666666666666667
0.33333333333333337
-0.16666666666666652
0.6666666666666667
0.16666666666666674
-0.1333333333333333
0.5
0.20000000000000007
1.1102230246251565e-16
1.1102230246251565e-16
-0.33333333333333326
0.5
0.2666666666666666
0.0
0.6666666666666667
0.33333333333333337
-0.16666666666666652
0.6666666666666667
0.16666666666666674
-0.1333333333333333
0.5
0.20000000000000007
1.1102230246251565e-16
1.1102230246251565e-16
-0.42857142857142794
0.5
0.14285714285714302
-0.25
0.4761904761904766
-0.04166666666666652
-0.33333333333333304
0.10714285714285732
-0.1428571428571428
-0.3095238095238091
-0.24999999999999978
-0.4166666666666665
0.30952380952380976
-0.2857142857142856
-0.2857142857142856
-0.16666666666666652
-0.5
0.5
0.33333333333333337
0.1071428571428572
0.6666666666666667
0.14285714285714324
1.1102230246251565e-16
0.4761904761904766
0.33333333333333337
1.1102230246251565e-16
0.4761904761904765
0.14285714285714302
-0.26190476190476164
0.6666666666666667
0.16666666666666674
-0.28571428571428537
0.16666666666666674
-0.28571428571428514
0.45238095238095277
-0.6428571428571423
-0.16666666666666652
-0.7142857142857142
2.220446049250313e-16
-0.4285714285714286
-0.8095238095238093
-1.4642857142857144
-1.314285714285714
0.0
-0.23333333333333361
0.33333333333333326
0.19999999999999996
-0.19999999999999996
-0.033333333333333215
-0.5
0.6
0.3666666666666667
-0.03333333333333344
0.16666666666666674
-0.16666666666666652
0.33333333333333337
-0.6666666666666667
-0.41666666666666674
-0.33333333333333326
0.5
0.20000000000000018
0.16666666666666674
-0.1333333333333333
0.16666666666666674
-0.3999999999999999
-0.16666666666666674
0.3666666666666668
-0.6666666666666665
-0.6428571428571423
-0.3999999999999999
-0.19999999999999996
-0.19999999999999996
-0.7666666666666662
-1.416666666666666
-1.3809523809523805
-0.33333333333333304
-0.6428571428571428
-1.2857142857142856
0.2333333333333334
0.16666666666666674
-0.2619047619047614
0.46666666666666656
0.25714285714285734
-0.05714285714285694
0.4761904761904766
0.14285714285714324
1.1102230246251565e-16
0.2857142857142858
0.14285714285714302
-0.19047619047619024
0.4761904761904765
0.14285714285714302
-0.19047619047619024
0.6666666666666667
0.33333333333333337
1.1102230246251565e-16
0.6666666666666667
0.33333333333333337
-0.3333333333333328
0.6666666666666667
4.440892098500626e-16
-0.16666666666666652
0.2619047619047622
0.16666666666666674
-0.6666666666666667
0.02380952380952417
-0.34285714285714275
0.5000000000000001
-0.33333333333333326
-0.16666666666666607
-0.19999999999999996
0.20000000000000018
-0.10000000000000009
-0.45238095238095166
-1.38095238095238
0.30952380952380976
-0.4285714285714284
-0.33333333333333326
-0.023809523809523503
0.16666666666666674
-0.16666666666666652
-0.023809523809523725
-0.3333333333333328
-1.4285714285714284
0.6666666666666667
-0.16666666666666652
-0.33333333333333326
-0.16666666666666652
-0.33333333333333326
0.5
0.0
0.0
-0.16666666666666652
-0.5
0.5
0.33333333333333326
0.25
0.5
0.33333333333333337
-0.19999999999999996
0.33333333333333337
-0.33333333333333326
0.43333333333333346
0.33333333333333337
-0.16666666666666652
0.5
0.3666666666666667
-0.08571428571428563
0.16666666666666674
-0.28571428571428514
0.4761904761904766
0.03333333333333355
-0.16666666666666652
0.20000000000000018
1.1102230246251565e-16
-0.33333333333333304
0.6666666666666667
0.43333333333333335
-0.05714285714285694
0.6666666666666667
0.14285714285714324
1.1102230246251565e-16
0.45238095238095255
0.33333333333333337
-0.16666666666666652
0.4761904761904765
-0.11904761904761862
-0.2857142857142856
0.33333333333333337
-0.1333333333333333
-0.16666666666666652
1.1102230246251565e-16
-0.5666666666666664
-0.3666666666666669
0.3666666666666668
-0.033333333333333215
-0.3333333333333328
0.6
0.14285714285714313
-0.44999999999999996
0.14285714285714302
-0.44999999999999996
-0.4285714285714284
-0.9714285714285715
-1.125
-0.06666666666666643
-0.16666666666666652
0.2666666666666666
0.3999999999999999
-0.033333333333333215
0.16666666666666674
0.16666666666666674
-0.16666666666666652
0.16666666666666674
-0.16666666666666652
0.16666666666666674
-0.5
0.16666666666666685
0.16666666666666674
-0.16666666666666652
0.5
0.5
0.25
0.5
0.33333333333333337
-0.33333333333333326
0.33333333333333337
-0.33333333333333326
0.33333333333333337
0.33333333333333337
1.1102230246251565e-16
0.5
0.16666666666666674
-0.16666666666666652
0.6666666666666667
0.33333333333333337
1.1102230246251565e-16
0.6666666666666667
0.33333333333333337
1.1102230246251565e-16
0.6666666666666667
0.33333333333333337
-0.3333333333333328
0.6666666666666667
-0.023809523809523503
-0.1333333333333333
0.2619047619047623
0.20000000000000018
-0.45833333333333304
-0.2857142857142856
-0.33333333333333304
-1.3809523809523814
-0.12499999999999978
-0.16666666666666652
0.3333333333333335
-0.19999999999999996
-0.3333333333333335
0.3666666666666668
0.33333333333333337
-0.16666666666666652
0.6666666666666667
0.3666666666666667
-0.08571428571428563
0.16666666666666674
-0.28571428571428514
0.42857142857142894
-0.16666666666666652
-0.33333333333333326
-0.2857142857142856
-0.4523809523809521
0.5
0.0
-0.14285714285714257
-0.3095238095238091
-0.5
0.4285714285714286
0.33333333333333326
0.25
0.30952380952380976
0.14285714285714302
-0.47619047619047583
0.33333333333333337
-0.33333333333333326
0.33333333333333337
0.33333333333333337
-0.19047619047619002
0.5
0.02380952380952428
-0.16666666666666652
0.4761904761904766
0.33333333333333337
1.1102230246251565e-16
0.5714285714285714
0.5000000000000001
0.1904761904761907
-0.1428571428571428
0.6666666666666667
0.33333333333333337
0.0
0.6666666666666667
0.33333333333333337
0.33333333333333337
0.6666666666666667
0.6666666666666667
-0.16666666666666652
0.6666666666666667
0.16666666666666674
-0.16666666666666652
0.16666666666666674
-0.16666666666666652
0.6666666666666667
-0.33333333333333326
-0.33333333333333326
-0.33333333333333326
-0.33333333333333326
0.6666666666666667
0.03333333333333355
-0.30952380952380887
0.3666666666666668
0.02380952380952439
-0.16666666666666652
0.5428571428571429
0.43333333333333335
-0.03333333333333344
0.4761904761904765
-0.023809523809523725
-0.2571428571428571
0.5
0.20000000000000007
-0.19047619047619002
-0.14285714285714235
-0.33333333333333326
0.4285714285714286
0.09999999999999998
0.0
0.30952380952380976
0.057142857142857384
-0.19047619047619024
1.1102230246251565e-16
-0.42857142857142794
0.5
0.08571428571428585
-0.033333333333333215
0.45238095238095277
0.16666666666666674
1.1102230246251565e-16
0.4285714285714286
0.14285714285714302
-0.5952380952380949
0.33333333333333337
-0.47619047619047583
0.0
0.14285714285714324
-0.19999999999999996
-0.11904761904761885
-0.5
0.3142857142857145
0.11904761904761929
-0.19047619047619024
0.5
0.4
-0.05714285714285694
0.6666666666666667
0.14285714285714324
1.1102230246251565e-16
0.4761904761904766
0.33333333333333337
-0.33333333333333304
0.4761904761904765
-0.1428571428571428
-0.3095238095238093
4.440892098500626e-16
-0.16666666666666652
0.4761904761904765
-0.08571428571428541
-0.4285714285714286
0.3666666666666668
0.02380952380952439
-0.16666666666666652
0.5714285714285714
0.43333333333333335
-0.033333333333333215
0.4761904761904765
0.16666666666666685
-0.26190476190476164
0.16666666666666674
0.16666666666666674
-0.3999999999999999
-0.16666666666666674
0.3666666666666668
-0.033333333333333215
-0.16666666666666652
0.6
0.4
-0.05714285714285694
0.6666666666666667
0.3142857142857145
-0.19999999999999973
0.4761904761904766
-0.02380952380952328
-0.1333333333333333
0.14285714285714302
0.057142857142857384
-0.19047619047619024
-0.14285714285714257
-0.6428571428571426
0.5
0.0
-0.1428571428571428
0.3333333333333335
0.14285714285714324
1.1102230246251565e-16
0.12500000000000022
1.1102230246251565e-16
-0.5
0.4761904761904765
-0.1428571428571428
-0.19047619047619024
0.29166666666666685
0.33333333333333337
-0.16666666666666652
0.3333333333333335
-0.1666666666666663
-0.3999999999999999
0.5
0.20000000000000007
-0.33333333333333304
-0.25
-0.33333333333333326
0.275
0.16666666666666674
0.0
0.16666666666666674
1.1102230246251565e-16
-0.44999999999999996
0.33333333333333337
-0.49999999999999956
0.40000000000000013
4.440892098500626e-16
-0.28571428571428537
2.220446049250313e-16
-0.2857142857142856
0.2857142857142858
-0.08571428571428541
-0.4285714285714286
0.20000000000000018
-0.1428571428571428
-0.4285714285714286
0.5714285714285714
0.3142857142857145
0.09999999999999998
0.2857142857142858
0.14285714285714302
-0.19047619047619024
0.4761904761904765
0.14285714285714302
-0.19047619047619024
0.6666666666666667
0.33333333333333337
-0.16666666666666652
0.6666666666666667
0.16666666666666674
-0.28571428571428537
0.16666666666666674
-0.28571428571428514
0.4761904761904766
0.03333333333333344
-0.16666666666666652
0.20000000000000018
2.220446049250313e-16
-0.33333333333333304
0.3666666666666667
0.03333333333333344
0.6666666666666667
0.03333333333333355
-0.16666666666666652
0.3666666666666668
0.16666666666666674
-0.16666666666666652
0.6666666666666667
0.43333333333333335
0.09999999999999998
0.6666666666666667
0.33333333333333337
-0.33333333333333304
0.6666666666666667
2.220446049250313e-16
-0.16666666666666652
0.29166666666666685
0.16666666666666674
-0.33333333333333326
0.16666666666666674
-0.25
-0.5
-0.16666666666666674
-0.33333333333333326
1.1102230246251565e-16
0.5
