0.5
0.6666666666666667
0.16666666666666674
0.33333333333333337
1.1102230246251565e-16
0.0
0.16666666666666674
0.16666666666666674
-0.33333333333333326
-0.16666666666666652
-1.3809523809523805
0.33333333333333337
0.16666666666666674
-0.3666666666666665
-0.16666666666666674
-1.2380952380952372
0.33333333333333337
-0.4761904761904756
-1.095238095238095
0.43333333333333346
0.14285714285714324
1.1102230246251565e-16
0.40000000000000013
0.3999999999999999
-0.32499999999999996
0.45238095238095266
-0.2857142857142856
-0.2857142857142856
-1.2857142857142856
0.08333333333333348
1.1102230246251565e-16
1.1102230246251565e-16
-0.125
-0.33333333333333326
-1.3392857142857144
-1.2249999999999996
-1.041666666666667
0.5
0.0
-0.33333333333333326
-0.9999999999999998
0.16666666666666674
-0.16666666666666652
-1.1666666666666665
0.6666666666666667
0.2333333333333335
0.16666666666666674
0.40000000000000013
0.33333333333333337
-0.16666666666666652
0.6666666666666667
0.3666666666666667
0.2333333333333334
0.16666666666666674
0.16666666666666674
-1.333333333333333
0.33333333333333337
-0.16666666666666652
-0.9285714285714279
-0.16666666666666652
-0.5666666666666664
0.3999999999999999
0.19999999999999996
0.19999999999999996
0.19999999999999996
-0.16666666666666674
-1.314285714285714
0.6
0.43333333333333335
0.09999999999999998
0.5
0.4
0.1714285714285717
0.6666666666666667
0.21428571428571463
1.1102230246251565e-16
0.5000000000000002
0.33333333333333337
1.1102230246251565e-16
0.4761904761904765
0.14285714285714302
-0.19047619047619024
0.6666666666666667
0.33333333333333337
-0.33333333333333304
0.6666666666666667
4.440892098500626e-16
1.1102230246251565e-16
0.1190476190476194
0.33333333333333337
-0.6666666666666667
0.11904761904761907
-0.5
-1.4285714285714284
-0.5
1.1102230246251565e-16
-0.19999999999999996
-0.4999999999999998
-1.2380952380952372
-0.9333333333333331
-1.333333333333333
0.3666666666666668
0.0
-0.16666666666666652
-1.1666666666666665
0.5
0.4
0.06666666666666665
0.6666666666666667
0.33333333333333337
-0.07142857142857095
0.6666666666666667
0.14285714285714324
1.1102230246251565e-16
0.4761904761904766
0.33333333333333337
1.1102230246251565e-16
0.5000000000000001
0.16666666666666696
-0.1666666666666663
0.33333333333333337
1.1102230246251565e-16
-1.2380952380952372
0.6666666666666667
-0.1333333333333333
-0.5
0.06666666666666687
-0.16666666666666674
-0.28571428571428514
-0.34285714285714275
-1.1
0.30952380952381
-0.16666666666666652
-0.16666666666666652
-1.333333333333333
0.14285714285714302
1.1102230246251565e-16
-0.33333333333333304
0.6666666666666667
0.33333333333333337
1.1102230246251565e-16
-1.1666666666666665
0.6666666666666667
0.33333333333333337
1.1102230246251565e-16
0.6666666666666667
0.33333333333333337
-0.19047619047619002
0.6666666666666667
0.11904761904761951
-0.33333333333333304
0.45238095238095277
4.440892098500626e-16
-0.19047619047619002
0.1428571428571429
0.14285714285714302
-0.2285714285714282
-1.095238095238095
0.2857142857142858
-0.5714285714285714
-0.9285714285714284
0.3142857142857145
0.0
-0.3095238095238093
-1.0714285714285712
0.40000000000000013
0.0
-0.40000000000000013
-0.11904761904761862
-0.2857142857142856
-0.6190476190476188
-0.9285714285714286
-0.33333333333333326
-0.47619047619047583
-0.8749999999999998
-0.16666666666666652
-0.33333333333333326
0.08333333333333348
0.16666666666666674
-0.16666666666666652
-1.1666666666666665
0.3333333333333335
0.5
-0.1428571428571428
0.16666666666666674
-0.33333333333333326
0.1190476190476194
0.33333333333333337
1.1102230246251565e-16
0.2619047619047621
2.220446049250313e-16
-0.33333333333333304
0.6666666666666667
0.33333333333333337
1.1102230246251565e-16
0.6666666666666667
0.33333333333333337
1.1102230246251565e-16
0.6666666666666667
0.33333333333333337
-0.16666666666666652
0.6666666666666667
0.16666666666666674
-0.33333333333333326
0.5
1.1102230246251565e-16
-0.33333333333333326
-0.16666666666666674
-0.3999999999999999
1.1102230246251565e-16
0.03333333333333344
-0.5
-0.16666666666666652
-0.8333333333333333
-1.166666666666667
0.3999999999999999
0.2666666666666666
-0.19999999999999996
0.5
1.1102230246251565e-16
0.0
0.20833333333333348
0.16666666666666674
0.3333333333333335
-0.25
-0.2500000000000002
-1.0714285714285712
0.0
-0.16666666666666674
0.5
-0.16666666666666674
-0.3666666666666665
-0.16666666666666674
-0.5
0.43333333333333346
0.33333333333333337
0.0
0.5
0.4
0.06666666666666665
0.6666666666666667
0.33333333333333337
-0.16666666666666652
0.6666666666666667
0.16666666666666674
-0.28571428571428537
0.16666666666666674
-0.14285714285714235
0.4761904761904766
1.1102230246251565e-16
-0.16666666666666652
0.45238095238095244
0.14285714285714313
2.220446049250313e-16
0.6666666666666667
0.2619047619047621
-0.33333333333333326
-0.02380952380952328
-0.33333333333333326
-0.7714285714285714
3.3306690738754696e-16
-0.16666666666666652
-0.5
0.4
0.5
0.25
0.5
0.4
0.06666666666666665
0.6666666666666667
0.33333333333333337
1.1102230246251565e-16
0.6666666666666667
0.33333333333333337
1.1102230246251565e-16
0.6666666666666667
0.33333333333333337
-0.19047619047619002
0.6666666666666667
0.14285714285714324
-0.19047619047619002
0.4761904761904766
0.11904761904761951
-0.16666666666666652
0.2857142857142858
0.16666666666666685
-0.11904761904761907
0.30952380952380976
0.02380952380952417
-0.34285714285714275
0.33333333333333337
-0.33333333333333326
0.20000000000000007
-0.16666666666666674
0.2666666666666667
0.4
0.06666666666666654
0.5
0.33333333333333337
0.6666666666666667
