0.5
-0.16666666666666674
2.220446049250313e-16
-0.16666666666666674
0.0
-0.16666666666666674
-0.33333333333333326
-0.5
-0.33333333333333326
-1.3809523809523805
0.5
0.33333333333333337
0.1071428571428572
0.6666666666666667
0.14285714285714324
1.1102230246251565e-16
0.4761904761904766
0.33333333333333337
1.1102230246251565e-16
0.4761904761904765
0.14285714285714302
-0.28571428571428514
-1.2380952380952377
0.6666666666666667
0.0
-0.1333333333333333
1.1102230246251565e-16
0.20000000000000007
-0.19999999999999973
-0.6666666666666665
-1.3809523809523805
-1.1666666666666665
0.6
-0.033333333333333215
-0.3666666666666667
0.23333333333333328
-0.03333333333333344
-0.19999999999999973
0.09523809523809568
-0.49999999999999956
-1.0
-0.28571428571428514
-0.6999999999999997
-1.3809523809523805
-1.333333333333333
-0.14285714285714257
-0.6285714285714281
-1.1428571428571428
-1.3809523809523814
0.0
-0.4285714285714284
-1.2666666666666666
0.3999999999999999
0.25714285714285734
0.06666666666666665
0.4285714285714286
0.4
-0.05714285714285694
0.45238095238095266
0.0
-0.26190476190476164
-1.314285714285714
0.45238095238095277
0.16666666666666674
1.1102230246251565e-16
0.30952380952380976
0.14285714285714313
-0.3428571428571425
-1.3809523809523814
0.33333333333333337
-0.47619047619047583
-1.4166666666666665
0.43333333333333346
0.14285714285714324
1.1102230246251565e-16
0.4285714285714286
0.4
0.06666666666666665
0.45238095238095255
0.11904761904761929
-0.19047619047619024
0.6666666666666667
0.33333333333333337
1.1102230246251565e-16
0.6666666666666667
0.33333333333333337
1.1102230246251565e-16
0.6666666666666667
0.33333333333333337
-0.16666666666666652
0.6666666666666667
0.16666666666666674
-0.1333333333333333
0.5
0.20000000000000007
1.1102230246251565e-16
0.0
-0.33333333333333326
-1.38095238095238
0.5
0.2666666666666665
-0.033333333333333215
0.6666666666666667
0.16666666666666674
1.1102230246251565e-16
0.5
0.33333333333333337
-0.19999999999999973
0.33333333333333337
-0.33333333333333326
-1.38095238095238
0.40000000000000013
0.16666666666666674
-0.16666666666666652
0.23333333333333328
0.03333333333333344
-0.9142857142857141
0.16666666666666674
-0.6428571428571423
-1.047619047619047
0.16666666666666685
-0.023809523809523503
-0.19999999999999996
0.14285714285714302
0.30000000000000004
0.25
-0.16666666666666652
-0.5428571428571427
-1.1428571428571428
-1.3809523809523814
0.19999999999999996
-0.40000000000000036
-1.1714285714285713
0.40000000000000013
0.16666666666666674
-0.16666666666666652
0.0
-0.16666666666666674
-1.35
0.6666666666666667
0.03333333333333355
-0.16666666666666652
0.3666666666666668
0.16666666666666674
-0.33333333333333304
0.6666666666666667
0.20000000000000018
-0.19999999999999973
5.551115123125783e-16
-0.3333333333333328
-1.38095238095238
0.14285714285714302
-0.2857142857142856
-0.33333333333333326
-0.1428571428571428
-0.47619047619047583
-1.4285714285714284
-1.214285714285714
0.33333333333333337
0.33333333333333337
-0.16666666666666674
-1.3809523809523805
0.5
0.0
-0.2333333333333334
0.5
0.20000000000000018
-0.19047619047619002
-0.14285714285714235
-0.33333333333333326
-1.2380952380952372
0.4285714285714286
0.2666666666666666
0.0
0.5000000000000001
0.2142857142857144
-0.2857142857142856
0.6666666666666667
0.14285714285714324
-0.14285714285714235
0.4761904761904766
0.1904761904761909
-0.09523809523809468
0.4285714285714286
0.1428571428571429
-0.2857142857142856
-1.3809523809523814
0.4285714285714286
0.0
-0.19047619047619024
0.2857142857142858
0.14285714285714302
-0.1428571428571428
0.4761904761904765
2.220446049250313e-16
-0.19047619047619024
-1.3809523809523814
0.45238095238095255
0.33333333333333337
-0.16666666666666652
0.4761904761904765
-0.11904761904761885
-0.4285714285714284
0.33333333333333337
1.1102230246251565e-16
-0.16666666666666652
-0.16666666666666652
-0.583333333333333
-1.166666666666667
0.16666666666666652
-0.3999999999999999
-1.314285714285714
0.0
-0.39999999999999947
-1.38095238095238
-0.08333333333333304
-0.4285714285714286
-0.964285714285714
0.43333333333333346
0.14285714285714324
1.1102230246251565e-16
0.37142857142857155
0.4
0.06666666666666665
0.45238095238095255
0.11904761904761918
-0.26190476190476164
0.6666666666666667
0.16666666666666674
-0.16666666666666652
0.16666666666666674
-0.16666666666666674
-1.38095238095238
0.5
-0.16666666666666652
-0.3666666666666665
-0.16666666666666652
-0.5
0.10000000000000009
0.0
-1.2916666666666665
-1.333333333333333
0.5
0.19999999999999996
0.0
0.2333333333333335
0.16666666666666674
-0.33333333333333326
0.4
-0.20000000000000018
-1.1714285714285717
0.33333333333333337
0.33333333333333337
-0.19047619047619002
0.5
0.14285714285714324
-0.3333333333333326
0.4761904761904766
-0.023809523809523503
-0.1333333333333333
0.1428571428571429
0.05714285714285716
-0.2857142857142856
-1.3809523809523814
-0.1428571428571428
-0.47619047619047583
-1.3809523809523814
0.4285714285714286
0.2666666666666666
-0.033333333333333215
0.4761904761904765
0.023809523809523947
-0.3095238095238093
0.16666666666666674
-0.16666666666666652
0.6666666666666667
0.03333333333333355
-0.16666666666666652
0.3666666666666668
0.16666666666666674
-0.16666666666666652
0.6666666666666667
0.43333333333333335
0.09999999999999998
0.6666666666666667
0.33333333333333337
1.1102230246251565e-16
0.6666666666666667
0.33333333333333337
-0.33333333333333304
0.6666666666666667
4.440892098500626e-16
-0.16666666666666652
4.440892098500626e-16
-0.16666666666666652
0.4761904761904765
-0.08571428571428541
-0.4107142857142856
0.3666666666666668
-0.08333333333333326
-0.16666666666666652
0.44999999999999996
0.43333333333333335
-0.05714285714285694
0.3333333333333335
-0.017857142857142794
-0.20833333333333326
-1.2142857142857144
0.45238095238095277
0.16666666666666674
1.1102230246251565e-16
0.3571428571428572
0.14285714285714313
-0.3428571428571425
-1.028571428571428
0.33333333333333337
-0.47619047619047583
-0.8809523809523803
0.43333333333333346
-0.023809523809523503
-0.1333333333333333
0.20000000000000018
0.3999999999999999
0.06666666666666665
-0.1666666666666663
-0.47619047619047605
-1.2857142857142856
-1.214285714285714
0.5
0.2666666666666666
-0.24999999999999978
0.6666666666666667
1.1102230246251565e-16
-0.19047619047619002
0.33333333333333337
0.14285714285714324
-0.19047619047619002
0.14285714285714302
-0.14285714285714257
-0.5
0.2857142857142858
-0.1428571428571428
-0.19047619047619024
0.14285714285714302
0.14285714285714302
-0.34285714285714275
0.2142857142857144
-0.33333333333333304
-1.4285714285714284
-1.1428571428571428
0.43333333333333346
0.33333333333333337
1.1102230246251565e-16
0.5
0.4
-0.05714285714285694
0.6666666666666667
0.21428571428571463
0.0
0.4761904761904766
0.33333333333333337
-0.19047619047619024
0.4761904761904763
0.0
-0.26190476190476164
-1.3809523809523814
0.2619047619047622
0.16666666666666674
-0.33333333333333326
0.023809523809524058
-0.4285714285714286
-0.02380952380952328
-0.47619047619047583
0.1071428571428572
0.2857142857142858
0.050000000000000044
-0.1428571428571428
-0.2142857142857142
-1.1428571428571428
0.3142857142857145
0.1904761904761909
0.023809523809524058
-1.1428571428571428
0.5
0.3666666666666667
0.033333333333333215
0.16666666666666674
-0.16666666666666652
-1.1666666666666665
0.6666666666666667
0.03333333333333355
1.1102230246251565e-16
0.3666666666666668
0.16666666666666674
-0.2333333333333334
0.5
0.3999999999999999
-0.033333333333333215
-0.16666666666666652
-0.5
-1.095238095238095
0.33333333333333326
0.0
0.0
0.0
-0.33333333333333326
-1.333333333333333
0.5
0.16666666666666674
-0.16666666666666652
0.6666666666666667
0.33333333333333337
1.1102230246251565e-16
0.6666666666666667
0.33333333333333337
1.1102230246251565e-16
0.6666666666666667
0.33333333333333337
-0.33333333333333304
0.6666666666666667
1.1102230246251565e-16
-0.19047619047619002
0.33333333333333337
0.14285714285714324
1.1102230246251565e-16
0.1428571428571428
2.220446049250313e-16
-0.3333333333333335
-1.2142857142857144
0.5714285714285714
0.5000000000000001
0.0
-0.1428571428571428
0.6666666666666667
0.14285714285714324
-0.14285714285714235
0.4761904761904766
0.11904761904761951
0.33333333333333337
0.2857142857142858
0.5000000000000002
-0.09523809523809512
-1.3809523809523814
0.4285714285714286
0.14285714285714302
-0.34285714285714275
0.33333333333333337
-0.47619047619047583
0.43333333333333346
0.14285714285714324
1.1102230246251565e-16
0.4285714285714286
0.4
0.06666666666666665
0.45238095238095255
0.11904761904761929
-0.4285714285714284
0.6666666666666667
1.1102230246251565e-16
-0.33333333333333326
0.0
-0.33333333333333326
-0.19999999999999996
-0.33333333333333326
0.20000000000000018
0.0
-0.33333333333333326
0.6666666666666667
-0.033333333333333215
-0.40000000000000013
0.16666666666666674
-0.19999999999999973
-0.19999999999999973
-0.3666666666666667
-1.2142857142857135
-0.19999999999999996
-0.3666666666666667
0.3999999999999999
0.10000000000000009
0.0
0.5
0.3999999999999999
0.09999999999999998
1.1102230246251565e-16
-0.42857142857142794
0.5
0.14285714285714302
0.0
0.4761904761904766
0.33333333333333337
-0.19047619047619002
0.45238095238095255
0.0
-0.4285714285714284
0.14285714285714335
-0.19047619047619002
-0.1428571428571428
-0.5428571428571427
-1.4285714285714284
0.20000000000000018
-0.19999999999999996
-0.4285714285714286
0.6
0.25714285714285734
-0.19999999999999996
0.5714285714285714
0.14285714285714302
0.0
0.14285714285714302
0.40000000000000013
0.19047619047619047
-0.1428571428571428
-0.04761904761904745
-0.3095238095238093
-1.314285714285714
0.5
0.2333333333333334
0.3666666666666667
0.33333333333333337
0.33333333333333337
0.5
-0.4166666666666665
-0.33333333333333326
-0.33333333333333326
-0.5
0.0
-0.08333333333333326
0.5
0.16666666666666674
-0.16666666666666652
0.6666666666666667
0.33333333333333337
1.1102230246251565e-16
0.6666666666666667
0.33333333333333337
1.1102230246251565e-16
0.6666666666666667
0.33333333333333337
1.1102230246251565e-16
0.6666666666666667
0.33333333333333337
1.1102230246251565e-16
0.6666666666666667
0.33333333333333337
1.1102230246251565e-16
0.6666666666666667
0.33333333333333337
-0.16666666666666652
0.6666666666666667
1.1102230246251565e-16
-0.5333333333333332
0.33333333333333337
-0.33333333333333304
-0.1333333333333333
1.1102230246251565e-16
-0.6428571428571423
-0.5333333333333334
-1.1142857142857143
0.25714285714285734
0.2666666666666666
0.0
0.19047619047619058
0.14285714285714313
-0.4285714285714286
0.6666666666666667
0.11904761904761951
-0.07142857142857095
0.2619047619047622
0.1904761904761909
-0.19999999999999996
0.0
-0.47619047619047583
0.3142857142857145
0.2142857142857144
-0.0952380952380949
0.5
0.3999999999999999
-0.02857142857142847
0.6666666666666667
0.047619047619047894
-0.16666666666666652
0.30952380952380976
0.06666666666666676
-0.33333333333333326
-0.3095238095238093
-0.5714285714285714
-0.1428571428571428
-0.33333333333333326
0.30952380952381
0.16666666666666674
-0.3095238095238093
0.45238095238095255
0.0
-0.26190476190476186
0.42857142857142894
0.16666666666666674
-0.16666666666666652
0.023809523809523947
-0.3095238095238091
0.6666666666666667
