-0.24999999999999978
0.33333333333333337
-0.23333333333333295
0.3666666666666668
-0.25
-1.38095238095238
-0.44999999999999996
-0.24999999999999978
-0.5833333333333335
-0.44999999999999973
-1.464285714285714
-1.4166666666666665
-1.35
0.3999999999999999
0.16666666666666674
-0.1333333333333333
-0.23333333333333361
0.5
0.43333333333333335
0.0
0.33333333333333337
-0.33333333333333326
-1.4166666666666665
0.40000000000000013
0.16666666666666674
-0.16666666666666652
0.16666666666666663
-0.16666666666666674
-1.314285714285714
0.5
-0.16666666666666652
-0.30952380952380887
-0.30952380952380887
-0.4999999999999998
-1.38095238095238
0.4285714285714286
0.08333333333333348
2.220446049250313e-16
0.047619047619048005
-0.14285714285714257
-0.3095238095238093
-1.3809523809523814
-0.5
-1.3809523809523805
-1.333333333333333
0.5
0.19999999999999996
0.0
0.3666666666666668
0.16666666666666674
-0.16666666666666652
0.6666666666666667
0.43333333333333335
0.09999999999999998
0.6666666666666667
0.33333333333333337
1.1102230246251565e-16
0.6666666666666667
0.33333333333333337
-0.19047619047619002
0.6666666666666667
0.14285714285714324
1.1102230246251565e-16
0.4761904761904766
0.33333333333333337
1.1102230246251565e-16
0.4761904761904765
0.14285714285714313
-0.19047619047619024
-1.3809523809523814
0.6666666666666667
0.33333333333333337
1.1102230246251565e-16
0.6666666666666667
0.33333333333333337
-0.19047619047619002
0.6666666666666667
0.14285714285714324
1.1102230246251565e-16
0.4761904761904766
0.33333333333333337
1.1102230246251565e-16
0.4761904761904765
0.14285714285714313
-0.4285714285714284
-1.3809523809523814
0.6666666666666667
1.1102230246251565e-16
1.1102230246251565e-16
0.29166666666666685
0.33333333333333337
-0.16666666666666652
0.3333333333333335
-0.16666666666666674
-0.3999999999999999
-1.35
-1.416666666666667
0.5
0.20000000000000007
1.1102230246251565e-16
0.0
-0.33333333333333326
-1.38095238095238
0.5
0.2666666666666666
0.0
0.6666666666666667
0.33333333333333337
-0.5555555555555551
0.6666666666666667
-0.2222222222222221
-0.19047619047619002
-0.05555555555555536
0.14285714285714324
-0.19999999999999996
-0.2857142857142856
-0.6666666666666665
-1.3777777777777778
-1.2777777777777777
-1.4444444444444438
-1.4444444444444446
0.3142857142857145
0.14285714285714313
-0.19047619047619024
-1.3809523809523814
0.5
0.3999999999999999
-0.033333333333333215
0.6666666666666667
0.16666666666666674
-0.33333333333333326
0.5
1.1102230246251565e-16
-0.19047619047619002
-0.14285714285714235
-0.33333333333333326
-1.38095238095238
0.30952380952381
0.16666666666666674
-0.30952380952380887
-1.333333333333333
0.4761904761904765
0.0
-0.19047619047619024
-1.4285714285714284
0.4761904761904766
0.33333333333333337
-0.19047619047619002
0.7142857142857143
0.2857142857142858
0.14285714285714324
2.220446049250313e-16
0.4761904761904766
0.33333333333333337
0.14285714285714335
0.4761904761904765
0.2857142857142858
-0.4285714285714284
-1.3809523809523814
0.7142857142857144
5.551115123125783e-16
-0.16666666666666652
-0.1428571428571428
-0.3095238095238093
0.02380952380952417
-0.6428571428571426
-1.464285714285714
-1.3809523809523814
0.16666666666666674
-0.033333333333333215
-0.4523809523809519
0.3666666666666668
0.02380952380952428
-0.23333333333333295
-1.2380952380952377
0.34285714285714297
0.3999999999999999
0.09999999999999998
-0.14285714285714257
-0.47619047619047605
-1.1714285714285717
-1.3809523809523814
0.5
0.2666666666666666
0.0
0.6666666666666667
0.33333333333333337
1.1102230246251565e-16
0.6666666666666667
0.33333333333333337
-0.16666666666666652
0.6666666666666667
0.16666666666666674
1.1102230246251565e-16
0.5
0.33333333333333337
-0.19999999999999996
0.33333333333333337
-0.33333333333333326
-1.38095238095238
0.43333333333333346
0.33333333333333337
1.1102230246251565e-16
0.5
0.4
0.06666666666666665
0.6666666666666667
0.33333333333333337
-0.16666666666666652
0.6666666666666667
0.16666666666666674
-0.1333333333333333
0.5
0.20000000000000007
-0.16666666666666652
-0.16666666666666652
-0.3999999999999999
-1.38095238095238
0.33333333333333326
0.19999999999999996
0.0
0.0
-0.33333333333333326
-1.38095238095238
0.5
0.2666666666666666
0.0
0.6666666666666667
0.33333333333333337
1.1102230246251565e-16
0.6666666666666667
0.33333333333333337
1.1102230246251565e-16
0.6666666666666667
0.33333333333333337
1.1102230246251565e-16
0.6666666666666667
0.33333333333333337
1.1102230246251565e-16
0.6666666666666667
0.33333333333333337
1.1102230246251565e-16
0.6666666666666667
0.33333333333333337
1.1102230246251565e-16
0.6666666666666667
0.33333333333333337
-0.19047619047619002
0.6666666666666667
0.14285714285714324
-0.33333333333333304
0.4761904761904766
1.1102230246251565e-16
1.1102230246251565e-16
0.3928571428571429
0.14285714285714302
-0.26190476190476164
-1.0714285714285712
0.33333333333333337
-0.08333333333333304
-0.4166666666666665
-1.125
0.16666666666666674
-0.16666666666666652
-1.38095238095238
0.6666666666666667
-0.16666666666666652
-0.16666666666666652
-0.13333333333333308
0.16666666666666674
-0.6666666666666667
-0.16666666666666674
-1.2666666666666666
-1.2666666666666666
1.1102230246251565e-16
-0.16666666666666652
-0.16666666666666652
-0.16666666666666652
-0.4999999999999998
-1.333333333333333
0.5
0.33333333333333337
0.08333333333333348
0.16666666666666674
-0.16666666666666652
-1.4166666666666665
0.6666666666666667
0.03333333333333344
-0.16666666666666652
0.3666666666666668
0.16666666666666674
-0.16666666666666652
0.3666666666666667
0.2333333333333334
-1.025
0.6666666666666667
-0.16666666666666652
-0.33333333333333326
-0.16666666666666652
-0.33333333333333326
-1.1249999999999996
0.6666666666666667
0.19999999999999996
-0.14285714285714257
0.3666666666666668
0.02380952380952428
-0.16666666666666652
0.5714285714285714
0.43333333333333335
0.09999999999999998
0.4761904761904765
0.14285714285714313
-0.2857142857142856
-1.314285714285714
0.6666666666666667
0.14285714285714324
1.1102230246251565e-16
0.4761904761904766
0.33333333333333337
1.1102230246251565e-16
0.4761904761904765
0.14285714285714313
-0.2857142857142856
-1.314285714285714
0.6666666666666667
0.14285714285714324
-0.19047619047619002
0.4761904761904766
0.14285714285714324
-0.19047619047619002
0.2857142857142858
0.0
-0.5714285714285714
0.5714285714285714
-0.2857142857142856
-0.34285714285714275
-1.0714285714285712
-0.2857142857142856
-0.34285714285714275
-1.0714285714285712
-0.3428571428571425
-0.47619047619047605
-1.3809523809523805
-1.3809523809523814
0.3999999999999999
0.19999999999999996
-0.1333333333333333
0.6666666666666667
0.43333333333333335
0.09999999999999998
0.6666666666666667
0.33333333333333337
-0.19047619047619002
0.6666666666666667
0.11904761904761951
-0.16666666666666652
0.45238095238095277
0.16666666666666674
1.1102230246251565e-16
0.30952380952380976
0.14285714285714302
-0.4285714285714284
-1.3809523809523814
0.33333333333333337
-0.4761904761904756
-1.38095238095238
0.2333333333333335
0.14285714285714324
-0.19999999999999996
0.11428571428571432
-0.4285714285714284
0.3142857142857145
0.0
-0.4285714285714284
-1.3809523809523814
0.34285714285714297
0.20000000000000007
0.033333333333333215
-0.1428571428571428
-0.3333333333333328
-1.4285714285714284
0.4761904761904765
-0.48571428571428554
-0.48571428571428554
-1.4285714285714284
-0.3666666666666665
-0.3666666666666665
-0.19999999999999996
-0.19999999999999996
-1.314285714285714
0.19999999999999996
0.19999999999999996
-0.2285714285714282
0.6666666666666667
0.11904761904761951
-0.16666666666666674
-1.333333333333333
0.45238095238095277
0.16666666666666674
-0.3333333333333328
0.047619047619047894
-0.1428571428571428
-0.5428571428571427
-1.3809523809523814
-0.3333333333333328
-1.3809523809523805
-1.416666666666666
0.20000000000000018
-0.4523809523809521
-0.4523809523809521
-1.3809523809523814
0.16666666666666674
0.1333333333333333
-0.19999999999999996
1.1102230246251565e-16
-0.19999999999999973
-1.3809523809523805
-0.33333333333333326
-0.5333333333333332
-1.3809523809523805
-1.3809523809523805
0.19999999999999996
0.19999999999999996
0.25
0.06666666666666665
0.19999999999999996
-1.314285714285714
0.4666666666666667
0.33333333333333326
0.0
0.5
0.33333333333333337
-0.33333333333333326
0.33333333333333337
-0.33333333333333326
0.33333333333333337
0.33333333333333337
-0.16666666666666652
0.5
0.16666666666666674
-0.16666666666666652
-1.333333333333333
0.16666666666666674
-0.16666666666666652
-1.333333333333333
0.6666666666666667
-0.16666666666666674
-0.30952380952380887
0.16666666666666674
0.02380952380952439
-0.2619047619047614
0.4761904761904766
0.14285714285714324
1.1102230246251565e-16
0.2857142857142858
0.14285714285714302
-0.26190476190476164
0.4761904761904763
0.023809523809524058
-0.3095238095238093
-1.3809523809523814
0.16666666666666674
-0.16666666666666652
-1.4166666666666665
0.6666666666666667
0.03333333333333355
-0.16666666666666652
0.3666666666666668
0.16666666666666674
-0.2619047619047614
0.6666666666666667
0.3142857142857145
0.09999999999999998
0.45238095238095255
0.33333333333333337
-0.16666666666666652
0.4761904761904765
-0.023809523809523503
-0.2857142857142856
-1.1714285714285713
0.5
1.1102230246251565e-16
-0.19047619047619002
-0.14285714285714235
-0.33333333333333326
0.2857142857142859
0.16666666666666674
-0.16666666666666652
0.4761904761904763
-0.28571428571428514
-0.6285714285714286
-1.314285714285714
-0.16666666666666652
-0.5333333333333332
-1.416666666666666
-0.24999999999999978
-0.3666666666666665
-1.333333333333333
-0.9333333333333338
0.6000000000000001
-0.08333333333333304
0.04999999999999993
0.06666666666666665
0.19999999999999996
0.06666666666666665
1.1102230246251565e-16
-0.5
0.19999999999999996
-0.5428571428571427
0.33333333333333337
0.14285714285714324
1.1102230246251565e-16
0.16666666666666707
0.16666666666666674
-0.16666666666666652
0.45238095238095255
0.11904761904761929
-0.19047619047619024
0.6666666666666667
0.33333333333333337
-0.19047619047619002
0.6666666666666667
0.14285714285714324
-0.33333333333333304
0.45238095238095255
2.220446049250313e-16
-0.16666666666666652
0.14285714285714302
-0.023809523809523725
-0.2571428571428571
0.16666666666666663
-0.04999999999999982
-0.33333333333333304
-1.35
0.0
-0.33333333333333326
-1.38095238095238
0.5
0.2666666666666666
0.0
0.6666666666666667
0.33333333333333337
1.1102230246251565e-16
0.6666666666666667
0.33333333333333337
-0.16666666666666652
0.6666666666666667
0.16666666666666674
-0.16666666666666652
0.5
0.16666666666666674
-0.33333333333333326
0.16666666666666674
-0.33333333333333326
0.0
-0.33333333333333326
-1.38095238095238
0.3333333333333335
0.33333333333333337
0.16666666666666674
0.6666666666666667
0.33333333333333337
1.1102230246251565e-16
0.6666666666666667
0.33333333333333337
-0.33333333333333304
0.6666666666666667
1.1102230246251565e-16
1.1102230246251565e-16
0.33333333333333337
0.33333333333333337
1.1102230246251565e-16
0.3333333333333335
0.0
-0.3333333333333335
-1.4166666666666665
-1.416666666666667
0.6666666666666667
0.33333333333333337
-0.16666666666666652
0.6666666666666667
0.0
-0.33333333333333304
0.16666666666666674
1.1102230246251565e-16
-0.28571428571428514
-0.6190476190476186
-1.3809523809523805
-1.38095238095238
0.4285714285714286
0.0
0.0
0.40000000000000013
0.057142857142857384
-0.4285714285714284
-1.0
-0.05714285714285694
-0.2333333333333334
-0.8285714285714285
-0.05714285714285694
0.16666666666666674
-0.40000000000000013
-0.33333333333333304
-1.3809523809523805
-1.3809523809523814
0.3666666666666667
-0.16666666666666652
-0.33333333333333326
0.0
-0.16666666666666674
-1.314285714285714
0.6666666666666667
0.0
0.0
0.16666666666666674
0.16666666666666674
-0.33333333333333326
0.6666666666666667
0.0
-0.3333333333333335
-1.333333333333333
0.0
-0.3333333333333335
-1.38095238095238
-0.19999999999999996
-0.533333333333333
0.0
-0.5333333333333337
-1.2000000000000002
0.6
0.43333333333333335
0.09999999999999998
0.4666666666666667
0.4
-0.05714285714285694
0.6666666666666667
0.14285714285714324
-0.19047619047619002
0.4761904761904766
0.14285714285714324
1.1102230246251565e-16
0.2857142857142858
0.14285714285714302
-0.19047619047619024
0.4761904761904765
0.14285714285714313
-0.2857142857142856
-1.3809523809523814
0.6666666666666667
0.14285714285714324
1.1102230246251565e-16
0.4761904761904766
0.33333333333333337
-0.3333333333333328
0.4761904761904765
-0.1428571428571428
-0.3095238095238093
2.220446049250313e-16
-0.16666666666666652
0.4761904761904765
-0.08571428571428563
-0.2857142857142856
-1.3809523809523814
0.3666666666666668
0.16666666666666674
-0.33333333333333326
0.6666666666666667
0.19999999999999996
0.0
0.0
-0.19999999999999973
-1.333333333333333
-0.33333333333333326
-0.33333333333333326
-1.38095238095238
0.16666666666666652
0.16666666666666674
-0.19999999999999973
0.6666666666666667
1.1102230246251565e-16
-0.33333333333333304
-1.333333333333333
1.1102230246251565e-16
1.1102230246251565e-16
-0.5833333333333333
-0.8333333333333333
-1.38095238095238
-0.20000000000000018
-0.33333333333333326
-0.08333333333333326
-0.3333333333333335
0.33333333333333337
0.0
-0.16666666666666652
-1.333333333333333
0.6666666666666667
0.33333333333333337
1.1102230246251565e-16
0.6666666666666667
0.33333333333333337
1.1102230246251565e-16
0.6666666666666667
0.33333333333333337
1.1102230246251565e-16
0.6666666666666667
0.33333333333333337
-0.33333333333333304
0.6666666666666667
4.440892098500626e-16
-0.16666666666666652
4.440892098500626e-16
-0.16666666666666652
0.4761904761904765
-0.08571428571428541
-0.4285714285714286
0.3666666666666668
0.02380952380952439
-0.16666666666666652
0.5714285714285714
0.43333333333333335
0.09999999999999998
0.4761904761904765
0.14285714285714302
-0.19047619047619024
0.6666666666666667
0.33333333333333337
1.1102230246251565e-16
0.6666666666666667
0.33333333333333337
-0.3333333333333328
0.6666666666666667
4.440892098500626e-16
-0.28571428571428514
4.440892098500626e-16
-0.28571428571428514
-1.333333333333333
0.7142857142857143
2.220446049250313e-16
2.220446049250313e-16
2.220446049250313e-16
2.220446049250313e-16
2.220446049250313e-16
1.1102230246251565e-16
0.6666666666666667
0.5
-0.1333333333333333
0.6666666666666667
0.20000000000000007
-0.19047619047619024
-0.14285714285714235
-0.33333333333333326
0.4285714285714286
0.10000000000000009
0.0
0.30952380952380987
0.057142857142857384
-0.26190476190476164
-1.3809523809523805
0.0
-0.33333333333333326
-1.333333333333333
0.33333333333333326
0.2666666666666667
-0.33333333333333326
0.33333333333333337
-0.33333333333333326
-1.38095238095238
0.33333333333333337
0.33333333333333337
1.1102230246251565e-16
0.5
0.16666666666666674
-0.16666666666666652
0.6666666666666667
0.33333333333333337
1.1102230246251565e-16
0.6666666666666667
0.33333333333333337
1.1102230246251565e-16
0.6666666666666667
0.33333333333333337
-0.19047619047619002
0.6666666666666667
0.14285714285714324
1.1102230246251565e-16
0.4761904761904766
0.33333333333333337
1.1102230246251565e-16
0.4761904761904765
0.14285714285714302
-0.3095238095238093
0.6666666666666667
0.16666666666666674
-0.1333333333333333
0.5
0.20000000000000007
1.1102230246251565e-16
0.0
-0.33333333333333326
-1.38095238095238
0.5
0.2666666666666666
0.0
0.6666666666666667
0.33333333333333337
1.1102230246251565e-16
0.6666666666666667
0.33333333333333337
-0.19047619047619002
0.6666666666666667
0.11904761904761951
-0.16666666666666652
0.42857142857142894
0.16666666666666674
-0.16666666666666652
0.02380952380952417
-0.3095238095238093
-1.3809523809523814
0.6666666666666667
-0.16666666666666652
-0.16666666666666652
0.16666666666666674
0.16666666666666674
-0.16666666666666652
0.6666666666666667
0.33333333333333337
1.1102230246251565e-16
-1.2666666666666666
0.6666666666666667
0.33333333333333337
1.1102230246251565e-16
0.6666666666666667
0.33333333333333337
1.1102230246251565e-16
0.6666666666666667
0.33333333333333337
1.1102230246251565e-16
0.6666666666666667
0.33333333333333337
1.1102230246251565e-16
0.6666666666666667
0.33333333333333337
-0.16666666666666652
0.6666666666666667
0.16666666666666674
-0.33333333333333326
0.5
1.1102230246251565e-16
-0.19047619047619002
-0.14285714285714257
-0.49999999999999956
-1.2666666666666666
0.30952380952381
-0.19047619047619002
-0.33333333333333326
0.1428571428571429
-0.1428571428571428
-0.2857142857142856
-0.2857142857142856
-0.47619047619047605
-1.4285714285714284
-1.3809523809523814
0.2619047619047623
0.0
-0.33333333333333326
0.023809523809524058
-0.3095238095238093
0.6666666666666667
-0.16666666666666652
-0.16666666666666652
0.16666666666666674
0.16666666666666674
-0.16666666666666652
0.6666666666666667
0.33333333333333337
1.1102230246251565e-16
-1.2666666666666666
0.6666666666666667
0.33333333333333337
1.1102230246251565e-16
0.6666666666666667
0.33333333333333337
-0.16666666666666652
0.6666666666666667
0.16666666666666674
-0.16666666666666652
0.5
0.16666666666666674
-0.33333333333333326
0.16666666666666674
-0.33333333333333326
-1.416666666666666
1.1102230246251565e-16
-0.33333333333333326
0.3333333333333335
0.33333333333333337
0.16666666666666674
0.6666666666666667
0.33333333333333337
1.1102230246251565e-16
0.6666666666666667
0.33333333333333337
1.1102230246251565e-16
0.6666666666666667
0.33333333333333337
1.1102230246251565e-16
0.6666666666666667
0.33333333333333337
1.1102230246251565e-16
0.6666666666666667
0.33333333333333337
1.1102230246251565e-16
0.6666666666666667
0.33333333333333337
1.1102230246251565e-16
0.6666666666666667
0.33333333333333337
1.1102230246251565e-16
0.6666666666666667
0.33333333333333337
1.1102230246251565e-16
0.6666666666666667
0.33333333333333337
-0.16666666666666652
0.6666666666666667
0.16666666666666674
-0.19047619047619002
0.5
0.14285714285714324
-0.19999999999999996
0.14285714285714324
-0.33333333333333326
-1.333333333333333
0.3142857142857145
0.14285714285714302
-0.19047619047619024
0.5
0.4
0.06666666666666665
0.6666666666666667
0.33333333333333337
-0.19047619047619002
0.6666666666666667
0.14285714285714324
1.1102230246251565e-16
0.4761904761904766
0.33333333333333337
1.1102230246251565e-16
0.4761904761904765
0.14285714285714302
-0.3095238095238093
0.6666666666666667
0.16666666666666674
-0.33333333333333326
0.5
1.1102230246251565e-16
1.1102230246251565e-16
0.0
-0.28571428571428514
-1.2380952380952377
0.5
-0.02380952380952328
-0.16666666666666652
-1.333333333333333
0.4761904761904766
0.33333333333333337
1.1102230246251565e-16
0.45238095238095255
0.14285714285714313
-0.19047619047619024
-1.2380952380952381
0.6666666666666667
0.33333333333333337
1.1102230246251565e-16
0.6666666666666667
0.33333333333333337
1.1102230246251565e-16
0.6666666666666667
0.33333333333333337
1.1102230246251565e-16
0.6666666666666667
0.33333333333333337
-0.33333333333333326
0.6666666666666667
0.0
-0.33333333333333304
1.1102230246251565e-16
-0.33333333333333326
-0.8333333333333333
0.20000000000000007
0.19999999999999996
-0.22857142857142843
0.41666666666666674
0.3571428571428572
0.0
4.440892098500626e-16
-0.33333333333333304
-0.1428571428571428
-0.9047619047619047
-1.380952380952381
-1.4285714285714284
-0.7619047619047619
-1.4285714285714284
-0.3999999999999999
-0.23333333333333317
-0.33333333333333326
-0.1333333333333333
-0.33333333333333326
0.43333333333333335
-0.033333333333333215
-0.19999999999999996
0.33333333333333337
1.1102230246251565e-16
1.1102230246251565e-16
0.0
-0.5
-1.333333333333333
0.19999999999999996
-0.5428571428571429
0.33333333333333337
0.14285714285714324
1.1102230246251565e-16
0.16666666666666718
0.16666666666666674
-0.16666666666666652
0.45238095238095255
0.023809523809524058
-0.3095238095238091
-1.3809523809523814
0.16666666666666674
-0.16666666666666652
0.16666666666666674
-0.3999999999999999
0.3666666666666668
-0.033333333333333215
-0.33333333333333304
0.6
0.20000000000000018
0.06666666666666665
0.34285714285714297
0.43333333333333335
-0.19999999999999996
0.11904761904761929
-0.4761904761904763
-1.464285714285714
0.33333333333333337
0.33333333333333337
1.1102230246251565e-16
0.5
0.16666666666666674
-0.16666666666666652
0.6666666666666667
0.16666666666666674
-0.28571428571428514
0.16666666666666674
-0.28571428571428514
0.4761904761904766
0.03333333333333344
-0.16666666666666652
0.40000000000000013
3.3306690738754696e-16
-0.33333333333333304
-1.0714285714285712
0.3666666666666667
0.033333333333333326
-0.9714285714285715
0.6666666666666667
0.03333333333333344
-0.16666666666666652
0.3666666666666668
0.16666666666666674
-0.33333333333333304
0.3666666666666667
-0.19999999999999973
0.1190476190476194
-0.4166666666666665
-0.16666666666666652
-0.2857142857142856
-0.6857142857142855
-1.095238095238095
-1.095238095238095
0.16666666666666674
-0.41666666666666674
-1.166666666666667
1.1102230246251565e-16
-0.16666666666666652
0.4666666666666667
0.19999999999999996
0.0
0.3666666666666668
0.16666666666666674
-0.16666666666666652
0.6666666666666667
0.3666666666666667
0.033333333333333215
0.16666666666666674
-0.16666666666666652
-1.333333333333333
0.6666666666666667
0.03333333333333355
-0.16666666666666652
0.3666666666666668
0.16666666666666674
-0.16666666666666652
0.6666666666666667
0.43333333333333335
0.09999999999999998
0.6666666666666667
0.33333333333333337
-0.16666666666666652
0.6666666666666667
0.16666666666666674
-0.16666666666666652
0.16666666666666674
-0.16666666666666652
-1.38095238095238
0.6666666666666667
0.03333333333333355
-0.30952380952380887
0.3666666666666668
0.02380952380952439
-0.16666666666666652
0.5714285714285714
0.43333333333333335
-0.03333333333333344
0.4761904761904763
0.02380952380952417
-0.3095238095238093
0.16666666666666674
-0.16666666666666674
-1.38095238095238
0.16666666666666674
-0.5
0.16666666666666674
-0.033333333333333215
-0.16666666666666652
0.3666666666666668
0.16666666666666674
-0.16666666666666652
0.5
0.43333333333333335
0.0
0.33333333333333337
-0.35714285714285676
0.40000000000000013
4.440892098500626e-16
-0.16666666666666652
2.220446049250313e-16
-0.16666666666666674
0.45238095238095255
-0.08571428571428541
-0.2857142857142856
0.3666666666666668
0.02380952380952439
-0.16666666666666652
0.5714285714285714
0.43333333333333335
-0.19999999999999996
0.4761904761904765
-0.1428571428571428
-0.19047619047619024
0.33333333333333337
0.33333333333333337
-0.33333333333333304
0.3333333333333335
-0.25
-0.25
-1.25
0.33333333333333337
1.1102230246251565e-16
1.1102230246251565e-16
0.0
1.1102230246251565e-16
-0.33333333333333326
0.3333333333333335
1.1102230246251565e-16
-0.3333333333333335
0.6666666666666667
0.16666666666666674
-0.47619047619047583
0.5
-0.47619047619047583
-0.4761904761904756
-0.3428571428571425
-0.34285714285714275
-0.5714285714285714
-1.3809523809523814
0.6
0.25714285714285734
-0.033333333333333215
0.5714285714285714
0.16666666666666674
-0.19999999999999996
0.16666666666666696
-0.14285714285714257
-0.19047619047619024
1.1102230246251565e-16
-0.49999999999999956
-1.4166666666666665
0.19999999999999996
-0.6857142857142855
1.1102230246251565e-16
-0.28571428571428514
0.37142857142857155
-0.20000000000000018
0.0
-0.16666666666666652
2.220446049250313e-16
-0.33333333333333304
1.1102230246251565e-16
-0.33333333333333326
0.5
0.2666666666666666
0.0
0.6666666666666667
0.33333333333333337
1.1102230246251565e-16
0.6666666666666667
0.33333333333333337
-0.19047619047619002
0.6666666666666667
0.14285714285714324
-0.19047619047619002
0.4761904761904766
0.14285714285714324
-0.19047619047619002
0.2857142857142858
0.0
-0.19047619047619024
0.2857142857142858
0.14285714285714313
-0.19047619047619024
-1.3809523809523814
0.4761904761904765
0.14285714285714302
-0.19047619047619024
0.6666666666666667
0.33333333333333337
1.1102230246251565e-16
0.6666666666666667
0.33333333333333337
-0.16666666666666652
0.6666666666666667
0.16666666666666674
1.1102230246251565e-16
0.5
0.33333333333333337
-0.19999999999999996
0.33333333333333337
-0.33333333333333326
0.43333333333333346
0.33333333333333337
-0.16666666666666652
0.5
0.3666666666666667
-0.08571428571428563
0.16666666666666674
-0.28571428571428514
0.4761904761904766
0.03333333333333355
-0.16666666666666652
0.20000000000000018
1.1102230246251565e-16
-0.33333333333333304
0.6666666666666667
0.43333333333333335
-0.03333333333333344
0.6666666666666667
0.16666666666666674
-0.19047619047619002
0.5
0.14285714285714324
-0.19999999999999996
0.14285714285714335
-0.33333333333333326
0.3142857142857145
0.14285714285714302
-0.19047619047619024
0.5
0.4
0.06666666666666665
0.6666666666666667
0.33333333333333337
1.1102230246251565e-16
0.6666666666666667
0.33333333333333337
1.1102230246251565e-16
0.6666666666666667
0.33333333333333337
-0.19047619047619002
0.6666666666666667
0.14285714285714324
-0.19047619047619002
0.4761904761904766
0.14285714285714324
1.1102230246251565e-16
0.2857142857142858
0.14285714285714302
-0.2857142857142856
0.4761904761904765
2.220446049250313e-16
-0.19047619047619024
-1.4285714285714284
0.4761904761904766
0.33333333333333337
-0.33333333333333304
0.5714285714285714
-0.1428571428571428
-0.3095238095238093
4.440892098500626e-16
-0.16666666666666652
0.4761904761904765
-0.2857142857142856
-0.2857142857142856
0.16666666666666674
0.16666666666666674
-0.16666666666666652
0.6666666666666667
0.33333333333333337
1.1102230246251565e-16
0.6666666666666667
0.33333333333333337
1.1102230246251565e-16
0.6666666666666667
0.33333333333333337
-0.16666666666666652
0.6666666666666667
0.16666666666666674
1.1102230246251565e-16
0.5
0.33333333333333337
-0.33333333333333304
0.33333333333333337
-0.5
1.1102230246251565e-16
-0.16666666666666652
0.33333333333333337
0.19999999999999996
-0.19999999999999996
-0.033333333333333215
-0.4999999999999998
-1.38095238095238
0.6
0.4
-0.19999999999999996
0.5
0.19999999999999996
-0.44999999999999996
0.33333333333333337
-0.583333333333333
-0.19999999999999973
-0.47619047619047583
-0.04999999999999982
-0.39285714285714235
-0.5833333333333335
0.5714285714285714
0.2666666666666666
0.0
0.28571428571428603
0.057142857142857384
-0.19047619047619024
0.0
-0.49999999999999956
0.5
-0.05714285714285694
0.0
0.2619047619047623
0.20000000000000007
1.1102230246251565e-16
-0.14285714285714257
-0.5714285714285714
0.5
0.14285714285714302
0.0
0.4761904761904766
0.33333333333333337
1.1102230246251565e-16
0.45238095238095255
0.14285714285714302
-0.19047619047619024
0.6666666666666667
0.33333333333333337
1.1102230246251565e-16
0.6666666666666667
0.33333333333333337
-0.16666666666666652
0.6666666666666667
0.16666666666666674
-0.1333333333333333
0.5
0.20000000000000007
1.1102230246251565e-16
1.1102230246251565e-16
-0.33333333333333326
0.5
0.2666666666666666
0.0
0.6666666666666667
0.33333333333333337
-0.16666666666666652
0.6666666666666667
0.16666666666666674
1.1102230246251565e-16
0.5
0.33333333333333337
-0.33333333333333326
0.33333333333333337
-0.47619047619047583
0.33333333333333337
0.14285714285714324
1.1102230246251565e-16
0.30952380952381
0.16666666666666674
-0.16666666666666652
0.45238095238095255
0.11904761904761929
-0.19047619047619024
0.6666666666666667
0.33333333333333337
-0.16666666666666652
0.6666666666666667
0.16666666666666674
-0.16666666666666652
0.5
1.1102230246251565e-16
0.5
0.16666666666666674
-0.3666666666666665
0.16666666666666674
-0.5952380952380945
0.43333333333333346
0.14285714285714324
-0.19047619047619002
0.4285714285714286
0.25714285714285734
0.06666666666666665
0.2857142857142858
0.11904761904761929
-0.19047619047619024
0.4761904761904765
0.14285714285714302
-0.19047619047619024
0.6666666666666667
0.33333333333333337
1.1102230246251565e-16
0.6666666666666667
0.33333333333333337
-0.19047619047619002
0.6666666666666667
0.14285714285714324
-0.16666666666666652
0.4761904761904766
0.16666666666666674
-0.33333333333333326
0.30952380952380976
-0.1428571428571428
-0.19047619047619024
0.0
-0.33333333333333326
0.5
1.1102230246251565e-16
-0.2333333333333334
0.5
0.20000000000000007
-0.33333333333333304
-0.24999999999999956
-0.33333333333333326
0.32500000000000007
0.2666666666666666
0.0
0.375
0.125
-0.08333333333333326
-0.9166666666666667
0.6666666666666667
0.33333333333333337
1.1102230246251565e-16
0.6666666666666667
0.33333333333333337
1.1102230246251565e-16
0.6666666666666667
0.33333333333333337
0.16666666666666674
0.6666666666666667
0.33333333333333337
1.1102230246251565e-16
0.6666666666666667
0.33333333333333337
-0.16666666666666652
0.6666666666666667
0.16666666666666674
1.1102230246251565e-16
0.16666666666666674
-0.16666666666666674
0.16666666666666674
-0.4166666666666663
-0.3666666666666665
-1.0
0.25
0.23333333333333328
