-0.8586466165413522
-0.3684210526315781
-0.31578947368420995
-0.6015037593984947
-0.15789473684210464
-0.14035087719298178
-0.4374999999999989
-0.4473684210526303
-0.31578947368420995
-0.3909774436090212
-0.4327485380116951
-0.568421052631578
-0.17105263157894668
-0.14035087719298156
-0.4736842105263146
0.07017543859649211
-0.26315789473684115
-0.0877192982456132
-0.14035087719298156
-0.794285714285712
-0.7578947368421038
-0.2836363636363626
-0.1599999999999986
-0.6599999999999986
-0.28666666666666507
-1.0599999999999983
-0.30285714285714094
-0.6399999999999988
-0.32888888888888723
-0.5599999999999983
-0.23999999999999888
-0.2971428571428556
-0.06999999999999873
-0.23999999999999844
-0.3999999999999986
-0.7257142857142842
-0.23999999999999844
-0.4228571428571415
-0.10666666666666536
-0.2666666666666653
-0.3499999999999983
-0.2666666666666653
-0.38666666666666516
-0.3066666666666651
-0.39999999999999947
0.15000000000000002
0.08333333333333337
0.125
0.125
-0.25
0.125
-0.04166666666666652
-0.7007518796992465
-0.17142857142857015
-0.28571428571428426
-0.9857142857142838
-0.42857142857142727
-0.6441558441558426
-0.29523809523809397
-0.8761904761904744
-0.4619047619047607
-0.7142857142857129
-0.20952380952380834
-0.4071428571428559
-0.6285714285714277
-0.43571428571428483
-0.6857142857142839
-0.5428571428571414
-0.26428571428571335
-0.8857142857142835
-0.628571428571427
-0.3214285714285703
-0.8499999999999985
-0.7357142857142842
-0.2952380952380942
-0.485714285714284
-0.2952380952380944
-0.2666666666666653
-0.5142857142857125
-0.28571428571428426
-0.29523809523809397
-0.3809523809523794
-0.46666666666666523
-0.466666666666665
-0.5105263157894728
-0.7703349282296639
-1.0736842105263151
-0.8903508771929816
-0.24561403508771829
-0.2456140350877185
-0.5526315789473668
-0.40789473684210376
-0.6917293233082693
-0.9684210526315782
-0.7763157894736832
-0.3157894736842095
-0.0877192982456132
-0.42105263157894646
-0.42105263157894623
-0.6105263157894725
0.028571428571428692
-0.5000000000000004
0.16666666666666685
-0.3999999999999997
0.20000000000000018
-0.20000000000000018
0.06666666666666687
0.2857142857142857
0.04761904761904767
-0.04761904761904745
-0.2142857142857142
-0.0625
0.0
0.10000000000000009
0.25
-0.16666666666666652
0.6000000000000001
0.34999999999999987
0.40000000000000013
-0.38181818181818206
-0.36363636363636376
0.1298701298701297
0.22727272727272718
-0.05454545454545445
0.18181818181818188
-0.18181818181818166
0.1515151515151515
0.13333333333333341
0.15238095238095273
-0.19999999999999973
-0.4444444444444442
-0.41904761904761867
-0.13333333333333308
2.220446049250313e-16
-0.28571428571428537
-0.33333333333333304
-0.19999999999999973
-0.19999999999999973
-0.13333333333333308
-0.19999999999999973
0.28571428571428603
-0.19999999999999996
-0.2666666666666664
0.20000000000000007
0.13333333333333353
0.13333333333333353
-0.4166666666666665
-0.011904761904762085
-0.06666666666666643
-0.25
-0.4166666666666663
-0.583333333333333
1.1102230246251565e-16
-0.08333333333333326
0.08333333333333326
0.5
0.5000000000000001
0.3333333333333335
0.07142857142857162
0.23809523809523814
0.0
0.09523809523809534
-0.011111111111111072
-0.05714285714285716
0.1000000000000002
2.220446049250313e-16
0.13333333333333353
0.2500000000000001
0.13333333333333364
-0.05555555555555558
-0.36111111111111116
-0.30555555555555536
0.0277777777777779
-0.22222222222222232
0.11111111111111094
0.2857142857142858
0.3142857142857144
-0.05714285714285672
-0.1428571428571428
0.25
-0.10000000000000009
0.30952380952380976
0.3333333333333335
0.3333333333333335
0.18750000000000022
-0.15178571428571397
0.1250000000000001
0.06250000000000022
-0.3874999999999995
-0.0499999999999996
-0.0416666666666663
-0.06249999999999978
-0.43749999999999933
-0.020833333333333037
-0.0499999999999996
0.020833333333333814
0.020833333333333703
0.03571428571428614
-0.18749999999999956
0.12500000000000022
-0.7749999999999999
-0.5982142857142854
-0.1749999999999996
-0.4249999999999996
-0.18749999999999978
-0.062499999999999556
-0.31249999999999933
-0.2291666666666663
-0.3124999999999998
-0.020833333333333037
0.1785714285714286
0.5714285714285714
0.3571428571428572
0.2857142857142858
0.1904761904761908
0.3333333333333335
0.3333333333333335
0.14285714285714302
0.09523809523809534
-0.04761904761904767
0.09523809523809523
0.5
0.25
0.6
0.40000000000000013
0.5
0.4571428571428573
0.44444444444444475
0.30000000000000004
0.20000000000000007
0.16666666666666685
0.20000000000000007
0.20000000000000018
0.16666666666666674
0.5
0.25
0.09523809523809523
0.028571428571428692
0.04761904761904767
0.14285714285714302
0.0
0.33333333333333326
0.4444444444444444
-0.11111111111111116
0.2222222222222221
0.2222222222222221
0.2222222222222221
0.16666666666666685
0.4
0.40000000000000013
0.30000000000000004
0.13333333333333353
1.1102230246251565e-16
-0.1999999999999995
0.04761904761904767
0.2857142857142858
0.25
-0.10000000000000009
0.20000000000000018
0.19999999999999996
-0.39285714285714257
0.5714285714285714
0.2857142857142857
0.2857142857142857
0.3999999999999999
0.40000000000000013
0.25
0.25
0.5
0.06666666666666676
0.40000000000000013
0.1428571428571429
0.1428571428571429
1.1102230246251565e-16
0.19047619047619047
0.3333333333333336
0.3333333333333335
0.16666666666666685
0.5
0.40000000000000013
0.06666666666666687
0.40000000000000013
0.20000000000000018
0.5
0.5
0.20000000000000018
0.13333333333333353
0.5
0.40000000000000013
0.40000000000000013
