-1.335624999999999
-1.1604420731707306
-0.8843749999999995
-0.9739583333333326
-0.7321428571428565
-0.7499999999999991
-1.1759733606557359
-1.245949074074073
-0.8802083333333321
-0.8020833333333328
-1.1651785714285703
-1.1718749999999996
-0.6843749999999995
-0.9343749999999991
-0.7135416666666659
-0.5937499999999987
-1.09090909090909
-0.7187499999999987
-0.6718749999999991
-0.5468749999999989
-1.2447916666666652
-0.9999999999999987
-0.5499999999999994
-0.8169642857142849
-0.8638392857142854
-1.2343749999999996
-0.6562499999999996
-0.9583333333333326
-1.0124999999999988
-0.6874999999999991
-0.7053571428571423
-0.5290178571428568
-0.4718749999999994
-0.4687499999999989
-0.6874999999999987
-0.4791666666666654
-0.7343749999999993
-0.6718749999999991
-0.5104166666666654
-0.8124999999999987
-0.7031249999999993
-0.5031249999999994
-0.5416666666666654
-1.1093749999999987
-0.5499999999999994
-0.5187499999999994
-0.5187499999999994
-0.5624999999999989
-0.5416666666666654
-0.5104166666666654
-0.4999999999999991
-0.5104166666666652
-0.5104166666666654
-0.5156249999999989
-0.5468749999999989
-0.7343749999999987
-0.5104166666666654
-0.43229166666666563
-0.6874999999999984
-0.5260416666666656
-0.4635416666666654
-0.46354166666666563
-0.7499999999999987
-0.43229166666666563
-1.4199999999999986
-1.4085365853658534
-1.3042857142857143
-1.1350000000000007
-1.3000000000000003
-0.8728571428571441
-1.5137837837837842
-1.1999999999999997
-1.4319047619047622
-1.3063636363636366
-1.0657142857142867
-1.0285714285714294
-1.165454545454545
-0.6300000000000012
-1.1285714285714286
-1.091538461538462
-1.4807692307692322
-1.0500000000000007
-1.165675675675677
-1.4170588235294113
-1.2594117647058818
-0.8622222222222231
-0.9466666666666679
-0.8128571428571438
-1.0000000000000013
-0.5066666666666679
-0.6071428571428579
-0.7100000000000015
-0.8111111111111122
-0.9000000000000015
-1.0700000000000003
-1.0266666666666677
-0.9757142857142866
-0.6333333333333346
-1.1733333333333338
-0.8300000000000014
-1.0400000000000014
-0.5700000000000005
-1.080000000000001
-0.5366666666666677
-1.3524999999999996
-1.040000000000001
-0.630000000000001
-1.4014285714285695
-1.1550000000000007
-0.840000000000001
-0.8700000000000014
-0.5300000000000007
-0.9866666666666681
-0.8400000000000014
-0.6433333333333346
-1.1785714285714288
-0.6333333333333344
-1.224545454545455
-0.7000000000000013
-0.7500000000000009
-0.7400000000000009
-0.7600000000000016
-0.5566666666666675
-0.5266666666666675
-0.6600000000000008
-0.8400000000000012
-0.8000000000000012
-0.5566666666666675
-0.9166666666666683
-0.8700000000000017
-0.8900000000000015
-0.5466666666666677
-0.880000000000001
-0.5466666666666677
-0.5766666666666675
-0.6100000000000008
-0.9050000000000014
-0.6200000000000008
-0.8500000000000014
-0.8900000000000017
-0.5666666666666678
-0.5666666666666678
-1.1000000000000005
-0.4966666666666677
-0.5466666666666675
-0.5466666666666677
-0.6300000000000008
-0.5766666666666678
-0.6100000000000008
-0.5666666666666678
-1.419999999999999
-0.5066666666666677
-0.920000000000001
-0.9300000000000013
-0.5900000000000007
-1.339999999999999
-0.5166666666666677
-0.7800000000000014
-0.5166666666666677
-0.4866666666666677
-0.5466666666666677
-0.526666666666668
-0.5366666666666677
-0.536666666666668
-1.279629629629628
-0.6644880174291925
-0.6306306306306295
-0.6507936507936496
-0.6931216931216915
-0.842592592592591
-0.5555555555555536
-0.8888888888888873
-0.4074074074074061
-0.33333333333333237
-0.592592592592591
-0.629629629629628
-0.4629629629629619
-0.5396825396825387
-0.33333333333333215
-0.3037037037037027
-0.6666666666666654
-0.3333333333333319
-0.6931216931216917
-0.14814814814814703
-0.5555555555555545
-0.5277777777777766
-0.4537037037037024
-0.44444444444444287
-0.3703703703703689
-0.4074074074074059
-0.4074074074074059
-1.2609756097560978
-0.816666666666668
-0.8922222222222236
-1.3328571428571419
-1.3682352941176465
-1.2885714285714296
-0.5266666666666677
-1.4208333333333316
-1.2656756756756753
-1.2925
-0.8728571428571439
-1.035714285714287
-1.3653846153846154
-0.8000000000000009
-1.0071428571428584
-1.2085714285714282
-0.5500000000000005
-1.4799999999999973
-1.2544444444444443
-0.9622222222222236
-1.279999999999999
-1.4074999999999993
-0.5300000000000011
-0.7000000000000011
-1.2982352941176467
-0.8666666666666678
-0.8900000000000012
-0.5971428571428576
-0.5066666666666677
-0.6200000000000006
-1.0600000000000005
-0.8511111111111123
-0.7709090909090923
-0.6033333333333344
-1.281428571428572
-1.080000000000001
-0.9418181818181834
-0.5466666666666677
-0.5366666666666677
-1.0057142857142862
-1.4249999999999994
-0.5600000000000009
-0.6150000000000011
-1.2545454545454544
-0.5466666666666675
-0.8200000000000007
-1.0122222222222237
-1.040000000000001
-0.9700000000000013
-0.5666666666666678
-1.1350000000000007
-1.1833333333333336
-0.5766666666666675
-0.6300000000000008
-0.6000000000000008
-0.8200000000000007
-0.9128571428571437
-0.8300000000000014
-0.6300000000000008
-0.8400000000000012
-0.7800000000000009
-1.0066666666666682
-0.8900000000000008
-0.6300000000000008
-0.4766666666666677
-0.8200000000000012
-1.3614285714285699
-0.5666666666666675
-1.299999999999999
-1.060000000000001
-0.7500000000000007
-1.0200000000000014
-0.7700000000000005
-0.5066666666666677
-0.5466666666666677
-0.8500000000000016
-0.5266666666666677
-0.9000000000000017
-0.8700000000000012
-0.6050000000000009
-0.5466666666666675
-0.8100000000000009
-0.5766666666666678
-0.6200000000000008
-0.5666666666666678
-0.5666666666666678
-0.6400000000000006
-0.5366666666666677
-0.4766666666666679
-0.6200000000000008
-0.6100000000000008
-0.5566666666666678
-0.5766666666666678
-0.5266666666666677
-0.5566666666666675
-0.546666666666668
-0.4966666666666675
-0.9479674796747959
-1.3109756097560958
-1.4585365853658523
-1.4817073170731692
-0.6390243902439012
-0.48170731707317005
-1.1283486605357855
-1.0560072267389327
-1.1875525651808219
-1.4703832752613213
-1.4227642276422747
-1.2055749128919842
-0.6944045911047332
-0.9442508710801383
-1.004878048780486
-1.2912482065997115
-1.0836236933797898
-1.0785907859078572
-1.0955284552845512
-0.3853658536585358
-0.9407665505226461
-0.37398373983739774
-1.2090592334494756
-0.707317073170731
-0.6829268292682917
-0.585365853658536
-1.3567073170731687
-0.9804878048780472
-0.6585365853658529
-0.707317073170731
-0.6097560975609748
-0.37398373983739774
-0.3495934959349587
-0.7560975609756089
-0.853658536585364
-0.4878048780487796
-0.520325203252032
-0.7560975609756084
-0.08888888888888857
-0.7666666666666664
0.06666666666666687
-0.3999999999999997
-0.06666666666666643
-0.5619047619047615
-0.06666666666666643
-0.6333333333333331
-0.2666666666666664
-0.19999999999999973
-0.33333333333333304
-0.2666666666666664
0.2222222222222221
-0.42222222222222205
-0.6666666666666665
-0.36111111111111116
-0.22222222222222232
-0.36111111111111116
-0.8981264637002342
-0.8730158730158721
-0.9642857142857129
0.07142857142857184
-0.9999999999999991
-0.9285714285714279
-0.8214285714285705
-0.47142857142857064
-0.47142857142857086
-0.21428571428571352
-0.09523809523809468
-0.2689075630252098
6.661338147750939e-16
0.10588235294117665
0.26470588235294157
-0.064171122994652
0.11764705882352955
-0.1633986928104567
0.08823529411764752
0.019607843137255054
-0.07843137254901955
0.029411764705882693
-0.25490196078431326
-0.07843137254901933
-0.01960784313725461
-0.07843137254901933
-0.9732142857142849
-0.9042857142857124
-0.532467532467531
-0.8571428571428552
-0.8714285714285694
-0.3357142857142845
-0.6571428571428555
-0.7932330827067655
-0.664285714285713
-0.17857142857142727
-0.499999999999998
-0.392857142857141
-0.13095238095238004
-0.5928571428571414
-0.9383116883116869
-0.6071428571428552
-0.4166666666666652
-0.5357142857142843
-0.6071428571428554
-0.3452380952380938
-0.345238095238094
-0.23809523809523658
-0.4166666666666654
-0.09523809523809423
-0.1666666666666654
-0.9345238095238084
-1.1398809523809508
-1.345238095238095
-1.2462121212121224
-1.0624999999999991
-1.3958333333333321
-1.0575980392156836
-1.2026515151515138
-1.2976190476190466
-1.2196969696969693
-0.8749999999999991
-1.2467948717948705
-0.9236111111111105
-0.8124999999999996
-0.7291666666666663
-0.4375
-1.2291666666666647
-0.4791666666666661
-0.7708333333333324
-0.8624999999999992
-0.6249999999999996
-0.6401515151515149
-0.3749999999999998
-0.3749999999999991
-0.3541666666666661
-0.31249999999999956
-0.8125
-0.7470238095238082
-0.8666666666666658
-0.7499999999999996
-1.0874999999999986
-0.6874999999999998
-0.7291666666666661
-0.7916666666666667
-0.5
-0.4999999999999998
-0.7833333333333323
-0.49999999999999956
-0.4583333333333328
-0.4374999999999991
-0.3958333333333328
-0.7916666666666659
-0.3541666666666661
-0.35416666666666674
-0.8749999999999996
-0.8584615384615373
-0.6692307692307675
-0.9799999999999982
-1.0514285714285698
-0.7085714285714273
-0.9399999999999977
-0.23999999999999932
-0.6949999999999985
-0.8133333333333317
-0.7733333333333317
-0.26999999999999846
-0.8499999999999979
-0.43999999999999884
-0.31999999999999873
-0.14666666666666495
-0.14666666666666495
-0.2299999999999991
-0.34999999999999853
-0.6799999999999979
-0.3066666666666651
-0.5999999999999983
-0.3466666666666651
-0.9999999999999978
-1.238095238095235
-1.1904761904761876
-0.864285714285713
-1.2310924369747873
-0.9285714285714264
-0.4732142857142847
-0.499999999999998
-0.7060439560439542
-0.9642857142857117
-0.6309523809523796
-0.876984126984125
-0.9444444444444424
-0.8785714285714268
-0.735714285714284
-0.8928571428571406
-1.007142857142855
-0.27380952380952217
-0.7261904761904747
-0.9285714285714268
-0.6428571428571406
-0.19047619047618936
-0.842857142857141
-0.46428571428571264
-0.309523809523808
-0.3333333333333335
0.06666666666666665
0.34999999999999987
-0.21621621621621467
-0.2672672672672658
-0.4279279279279262
-0.9410319410319383
-0.6594594594594578
-0.3445945945945932
-0.5557432432432412
-0.6023166023166002
-0.6324324324324304
-1.0675675675675653
-0.44932432432432257
-0.28828828828828645
-0.40540540540540393
-0.5405405405405388
-1.0378378378378352
-0.5945945945945927
-0.36936936936936715
-0.7567567567567544
-0.3716216216216204
-0.780405405405403
-0.4527027027027011
-0.39864864864864713
-0.6023166023166004
-0.18243243243243135
-0.6756756756756734
-0.39639639639639457
-0.4256756756756743
-0.4864864864864846
-0.288288288288286
-0.47747747747747504
-0.8445945945945919
-0.6486486486486465
-0.3153153153153132
-0.396396396396395
-0.6696428571428557
-1.3655462184873897
-1.1344916344916336
-1.0182072829131634
-0.7380952380952368
-0.9920634920634899
-0.8095238095238086
-0.9702380952380938
-1.0056022408963563
-1.135854341736692
-0.5773809523809508
-0.809523809523808
-0.7619047619047608
-0.9999999999999984
-0.5238095238095226
-1.1587301587301564
-0.38095238095238004
-0.6904761904761889
-0.8571428571428557
-0.6666666666666654
-0.7714285714285707
-0.6428571428571417
-1.1190476190476177
-0.7380952380952368
-0.7857142857142845
-0.4642857142857133
-0.4999999999999991
-0.35714285714285654
-0.4285714285714275
-1.023809523809522
-0.38095238095237915
-0.48809523809523747
-0.7619047619047603
-0.6190476190476173
-0.7857142857142845
-0.738095238095237
-0.47619047619047516
-0.3571428571428561
-0.7380952380952366
-0.7456709956709937
-1.1041666666666652
-1.3095238095238075
-0.8904761904761893
-0.4047619047619033
-0.6666666666666647
-0.5150375939849614
-0.9285714285714273
-0.8261904761904744
-0.9523809523809508
-0.8991596638655437
-0.23809523809523703
-0.4523809523809512
-0.452380952380951
-0.3095238095238082
-0.4880952380952368
-0.8809523809523792
-0.4880952380952368
-0.3571428571428563
-0.33333333333333215
-0.3452380952380947
-0.8571428571428559
-0.6190476190476182
-0.47619047619047494
-0.5476190476190468
-0.9761904761904747
-0.5952380952380931
-0.5238095238095228
-0.5238095238095228
-0.4999999999999991
-0.309523809523808
-0.32142857142857073
-0.6904761904761891
-0.3095238095238082
-0.4047619047619042
-0.6190476190476173
-0.38095238095238027
-0.5476190476190463
-0.38095238095238004
-1.1396103896103886
-1.2146464646464632
-0.7499999999999987
-0.7467532467532454
-0.424242424242423
-0.9126794258373185
-0.9454545454545438
-0.5909090909090895
-0.8409090909090899
-0.45454545454545325
-0.7651515151515136
-0.8603896103896091
-0.5454545454545441
-1.170454545454544
-0.9772727272727255
-0.6893939393939379
-0.3636363636363624
-1.1363636363636354
-0.8474025974025958
-0.757575757575756
-0.8766233766233751
-0.40909090909090784
-1.0818181818181802
-0.46212121212121104
-0.8818181818181803
-0.7499999999999984
-0.9469696969696952
-0.8474025974025963
-0.7348484848484835
-0.4393939393939381
-0.9696969696969682
-0.4999999999999989
-0.7272727272727257
-0.9499999999999984
-0.8409090909090895
-0.48484848484848375
-0.727272727272726
-0.4166666666666654
-0.4621212121212108
-0.46212121212121104
-0.3712121212121202
0.025000000000000244
-0.48076923076923017
-0.8011363636363626
-0.8839285714285707
-0.875
-0.8749999999999996
-0.7499999999999998
-0.6249999999999998
-0.1666666666666663
-0.7499999999999996
-0.6249999999999996
-0.5624999999999993
-0.4374999999999991
-0.19047619047619024
-0.2857142857142856
2.220446049250313e-16
-0.25
-0.2916666666666663
-0.42279411764705843
-0.31249999999999933
-0.33928571428571375
-0.8124999999999993
-0.020833333333332815
-0.24999999999999978
-0.12499999999999956
-0.14583333333333326
-0.24999999999999956
-0.1041666666666663
-0.2916666666666663
0.0833333333333337
-0.38461538461538436
-0.25
-0.866454689984099
-0.6350267379679118
-0.7279411764705848
-0.6813725490196045
-0.848039215686271
-1.2009803921568576
-0.9588235294117604
-1.2660427807486583
-0.6176470588235268
-1.0480392156862703
-0.47058823529411486
-0.45588235294117374
-0.5294117647058796
-0.5661764705882324
-0.5147058823529385
-0.7058823529411731
-0.7549019607843102
-0.4313725490196052
-0.49999999999999734
-0.7352941176470553
-0.48949579831932466
-0.5147058823529385
-0.45588235294117396
-0.6470588235294086
-0.6029411764705854
-0.5147058823529385
-0.4852941176470562
-0.6764705882352908
-0.5196078431372522
-0.4803921568627423
-0.3872549019607818
-0.6764705882352908
-0.573529411764703
-0.5441176470588209
-0.5794117647058803
-0.6176470588235266
-0.4460784313725463
-0.6323529411764675
-0.7941176470588198
-0.5294117647058796
-0.4999999999999969
-0.5490196078431342
-0.504901960784311
-0.5049019607843108
-0.7647058823529376
-0.519607843137252
-0.6911764705882326
-0.5441176470588207
-0.6764705882352908
-0.5343137254901933
-0.5343137254901933
-0.47549019607842835
-0.5205882352941149
-0.5499999999999972
-0.519607843137252
-0.519607843137252
-0.7352941176470553
-0.4460784313725461
-0.4313725490196052
-0.764705882352938
-0.4460784313725463
-0.5343137254901933
-0.4607843137254872
-0.4754901960784286
-0.7941176470588198
-0.9077109896781999
-1.1158846806105132
-0.42987249544626494
-1.1157184185149465
-1.3700234192037457
-1.1375878220140514
-0.6065573770491797
-0.725409836065573
-0.7540983606557374
-0.6156648451730411
-0.9946962391513972
-0.7786885245901629
-0.48770491803278637
-1.0185317177476834
-1.0054644808743167
-1.2306387789711688
-0.9224043715846992
-1.0409836065573765
-0.43715846994535457
-1.0774962742175846
-0.8557377049180328
-1.0182149362477229
-0.6202185792349715
-1.2018442622950802
-0.7049180327868851
-0.4043715846994529
-0.6885245901639339
-0.4863387978142071
-0.7868852459016389
-0.7049180327868847
-0.9250585480093676
-0.9213114754098359
-1.1024590163934418
-0.761124121779859
-0.9540983606557378
-1.0054644808743167
-1.2032786885245894
-0.5901639344262286
-0.7868852459016389
-0.5696721311475406
-1.0360655737704918
-0.7540983606557372
-0.7213114754098353
-0.55191256830601
-0.7540983606557368
-0.770491803278688
-0.4535519125683052
-0.7868852459016384
-0.9704918032786882
-0.8032786885245895
-0.5355191256830591
-0.9713114754098362
-0.7213114754098351
-0.4535519125683054
-0.5519125683060102
-0.5355191256830594
-0.5355191256830591
-0.5519125683060104
-0.8614303959131533
-1.1666666666666656
-1.0544662309368178
-1.4550264550264536
-1.1296296296296289
-0.8756613756613745
-0.9841269841269822
-1.0851851851851846
-0.7870370370370361
-1.0084175084175073
-0.5555555555555542
-0.6798941798941787
-0.8703703703703691
-0.435185185185184
-0.9629629629629621
-0.9222222222222214
-0.6666666666666659
-1.2777777777777763
-1.2222222222222214
-1.0481481481481478
-0.9338624338624326
-1.0277777777777772
-1.2063492063492056
-0.7492877492877479
-0.472222222222221
-0.9074074074074054
-0.7857142857142843
-1.1111111111111098
-0.7740740740740726
-1.1111111111111103
-1.2777777777777763
-0.37037037037036913
-0.48148148148147984
-0.8703703703703689
-0.6666666666666647
-0.9537037037037022
-0.509259259259258
-0.7962962962962954
-0.4999999999999989
-0.33333333333333215
-1.2037037037037028
-0.6481481481481464
-0.7407407407407394
-0.7777777777777759
-0.5222222222222213
-0.4629629629629619
-0.48148148148148007
-0.685185185185184
-0.7592592592592577
-0.4444444444444431
-0.48148148148148007
-0.7920892494928979
-0.4581280788177333
-0.6645768025078358
-0.24827586206896424
-0.19827586206896464
-0.5325670498084278
-0.879310344827585
-0.5517241379310334
-0.5387931034482749
-0.6137931034482744
-0.2873563218390791
-0.7183908045977001
-1.2107279693486572
-0.8206896551724125
-0.1637931034482749
-0.8119122257053277
-0.5172413793103436
-0.1637931034482749
-0.6551724137931016
-0.35632183908045834
-0.356321839080459
-0.6551724137931025
-0.4827586206896535
-0.4252873563218378
-0.3362068965517233
-0.3563218390804588
-0.12637362637362592
-0.5952380952380947
-0.19642857142857117
-0.07142857142857117
-0.6999999999999995
-0.7571428571428567
-0.6071428571428565
-0.7499999999999991
5.551115123125783e-16
-0.16666666666666607
-0.35714285714285654
-0.6999999999999986
-0.5481283422459877
-0.48484848484848375
-0.4832535885167455
-0.8311688311688301
-0.2727272727272718
-1.1022727272727257
-0.43939393939393834
-0.3030303030303021
-0.36363636363636265
-0.4999999999999989
-0.318181818181817
-0.5454545454545443
-0.2727272727272716
-0.5303030303030292
-0.5303030303030292
-0.16666666666666585
-0.3484848484848475
-0.4545454545454535
0.12698412698412698
-0.07142857142857117
-0.0714285714285714
0.047619047619047894
-0.4126984126984121
-0.13333333333333308
-2.220446049250313e-16
0.11111111111111094
-0.24444444444444446
-0.22222222222222232
-0.6573426573426568
-0.19658119658119566
0.19230769230769285
0.1538461538461544
-0.12820512820512753
0.04395604395604458
0.025641025641026327
-0.461538461538461
0.10256410256410298
-0.20512820512820418
-0.4485294117647043
-0.2941176470588216
-0.5750507099391462
-0.6323529411764695
-0.382352941176469
-0.4786096256684478
-0.7780748663101589
-0.6470588235294101
-0.34313725490195934
-0.7176470588235271
-0.41176470588235103
-0.8198529411764688
-0.7727272727272712
-0.52941176470588
-0.4470588235294102
-0.49019607843137103
-0.8333333333333313
-0.4117647058823515
-0.3137254901960773
-1.1437908496732003
-0.5882352941176456
-0.8137254901960767
-0.7588235294117627
-0.5294117647058809
-0.5882352941176454
-0.6470588235294101
-0.8382352941176445
-0.7058823529411749
-0.3725490196078416
-0.4019607843137245
-0.3431372549019589
-0.04761904761904634
-0.09523809523809468
-0.2952380952380944
-0.15151515151515094
-0.17261904761904678
-0.1428571428571419
-0.11428571428571344
-0.6190476190476182
1.1102230246251565e-15
-0.38095238095238004
-0.4285714285714275
-0.23809523809523703
-0.2857142857142845
-0.33333333333333215
-0.1619047619047611
-0.5333333333333323
-0.42857142857142794
-0.2619047619047612
-0.6666666666666665
0.06349206349206349
0.05555555555555558
-0.44444444444444464
-2.220446049250313e-16
0.2222222222222221
1.1102230246251565e-16
0.07142857142857151
0.2857142857142858
0.23809523809523814
-0.507518796992481
-0.7857142857142849
-0.19999999999999996
-0.3714285714285712
-0.28571428571428514
-0.4142857142857137
-0.28571428571428514
-0.47619047619047583
-0.6190476190476186
-0.21428571428571352
-0.047619047619047006
-0.3492063492063495
-0.5252525252525251
-0.6666666666666667
0.11111111111111094
0.2222222222222221
-0.47222222222222254
-0.5428571428571427
2.220446049250313e-16
-0.3928571428571428
-0.3928571428571428
-0.06190476190476124
-0.1601731601731593
-0.7738095238095231
-0.02976190476190399
-0.1904761904761898
-0.3428571428571421
-0.02380952380952306
-0.2261904761904754
-0.09523809523809446
-0.04761904761904656
-0.08571428571428474
-0.09523809523809446
-0.1904761904761898
-0.1809523809523803
-0.3809523809523798
-0.2857142857142845
-0.4285714285714275
-0.19047619047618936
0.0
-0.49350649350649345
0.08571428571428596
-0.07142857142857095
0.11904761904761918
-0.7142857142857137
0.04285714285714337
-0.28571428571428514
-0.09523809523809468
-0.0952380952380949
-0.5357142857142849
-0.0952380952380949
0.10000000000000009
0.3285714285714286
0.16666666666666663
0.20000000000000007
-0.09999999999999987
0.050000000000000044
0.13333333333333353
-0.8846153846153839
-0.5109890109890105
-0.7820512820512813
-0.35576923076923017
-0.3846153846153837
-0.5846153846153839
-0.19230769230769185
0.13461538461538491
-0.23076923076923017
0.025641025641026438
-0.11111111111111094
-0.11111111111111116
-0.2777777777777777
-0.2777777777777777
0.2777777777777779
0.11111111111111094
-0.6825396825396823
-0.125
-0.010101010101010166
0.2222222222222221
-0.3333333333333335
-0.05555555555555536
-0.06666666666666643
-0.042857142857142705
-0.44999999999999996
-0.19999999999999973
-0.3999999999999997
-0.09999999999999987
-0.16666666666666652
-1.0598290598290578
-0.3571428571428561
-0.3653846153846143
-0.4807692307692295
-0.46153846153846056
-0.24358974358974228
-0.5042735042735031
-0.3076923076923066
-0.4999999999999991
-0.5641025641025625
-0.4615384615384608
-0.5897435897435888
-0.13846153846153753
-0.39743589743589625
-0.24358974358974184
-0.24358974358974184
-0.8076923076923059
-0.16666666666666585
-0.16666666666666563
-0.2884615384615379
-0.35897435897435725
-0.24358974358974272
-0.6923076923076905
-1.0882352941176454
-0.785714285714284
-0.2857142857142847
-0.2857142857142847
-1.2266009852216748
-0.39285714285714146
-0.5357142857142845
-0.8690476190476171
-0.39285714285714124
-0.17857142857142771
-0.19047619047618936
-0.15714285714285614
-0.1928571428571415
-0.2380952380952368
-0.2857142857142845
-0.24999999999999845
-0.5714285714285696
-0.22619047619047516
-0.16666666666666563
-0.7499999999999976
-0.2738095238095226
-0.2642857142857131
-0.3095238095238082
-0.3095238095238082
-0.3452380952380938
-0.4666666666666668
0.10000000000000009
-0.9454545454545453
0.0
-0.06666666666666643
0.16666666666666674
0.16666666666666685
0.38095238095238104
0.4285714285714286
0.34285714285714286
0.2857142857142858
-0.13942307692307643
-1.0089285714285707
-0.6041666666666663
-0.33333333333333304
-0.43749999999999956
-0.1999999999999995
-0.7708333333333326
-0.0416666666666663
-0.24999999999999978
-0.24999999999999956
-0.1666666666666663
-0.43749999999999933
-0.31249999999999956
0.06666666666666676
-0.10000000000000009
-0.43055555555555536
-0.04166666666666652
0.04166666666666663
-0.25
-0.375
-0.5454545454545456
-0.39393939393939426
-0.12987012987013014
-0.1515151515151516
-0.38636363636363646
-0.030303030303030054
0.12121212121212122
0.12121212121212122
-0.8968058968058945
-0.555743243243241
-0.7387387387387363
-0.5212355212355191
-0.7635135135135112
-0.9279279279279253
-0.4432432432432414
-0.2094594594594581
-0.6990990990990973
-0.3693693693693676
-0.4432432432432416
-0.9549549549549521
-0.7635135135135114
-0.7072072072072053
-0.3153153153153132
-0.9691119691119663
-0.290540540540539
-0.6554054054054035
-0.3135135135135121
-0.39864864864864735
-0.5405405405405386
-0.7027027027027006
-0.4504504504504485
-0.3153153153153134
-0.6486486486486467
-0.4234234234234213
-0.4504504504504485
-0.31531531531531365
-0.7297297297297278
-0.26126126126125926
-0.39639639639639457
-0.4864864864864842
-0.5675675675675658
-0.4774774774774755
0.011764705882353232
-0.21008403361344485
-0.4171122994652401
0.019607843137255165
-0.6797385620915026
-0.19607843137254855
-0.08823529411764675
-0.2941176470588227
-0.035294117647058476
-0.25490196078431326
-0.07843137254901933
-0.019607843137254388
0.019607843137255165
0.019607843137255165
-0.3636363636363624
-0.4155844155844146
-0.36363636363636265
-0.36363636363636265
-0.18181818181818077
-0.40909090909090806
-0.09090909090909016
-0.3636363636363624
-0.8706293706293691
-0.21212121212121127
-0.32467532467532356
-0.6136363636363624
-0.3030303030303021
-0.40404040404040287
-0.5909090909090897
-0.34090909090908994
-0.6136363636363624
-0.3030303030303021
-0.43939393939393834
0.40000000000000013
0.09999999999999998
2.220446049250313e-16
-0.30952380952380976
3.3306690738754696e-16
-0.7651515151515151
-0.36363636363636376
-0.2727272727272727
-0.6262626262626265
-0.045454545454545636
-0.5454545454545452
-0.21212121212121193
-0.2727272727272725
2.220446049250313e-16
0.20000000000000018
-0.45833333333333304
0.12500000000000033
-0.5499999999999994
-0.5833333333333326
-0.06249999999999978
-0.12499999999999956
-0.37499999999999933
0.12500000000000044
-0.12499999999999956
-0.7749999999999995
-0.062499999999999556
0.041666666666667074
0.020833333333333814
0.14285714285714313
0.33333333333333337
-0.02222222222222192
1.1102230246251565e-16
-0.30000000000000027
0.25
0.13333333333333364
0.23809523809523814
0.07142857142857162
-0.3214285714285714
0.23809523809523814
0.056818181818181546
-0.6103896103896107
0.2467532467532466
0.05454545454545445
-0.045454545454545636
-0.06060606060606055
0.05454545454545445
0.12121212121212122
0.050000000000000044
0.3333333333333335
0.06666666666666676
0.3333333333333335
0.6666666666666667
0.5
0.3333333333333336
0.24786324786324843
0.2461538461538465
0.03846153846153888
0.10256410256410331
0.17307692307692357
0.025641025641026438
0.21538461538461573
0.025641025641026438
0.12307692307692353
0.02564102564102655
0.04201680672268948
-0.8455882352941166
-0.22549019607843102
0.07352941176470629
-0.6274509803921562
0.07563025210084096
-0.07843137254901933
-0.23529411764705843
0.04705882352941204
-0.13725490196078405
-0.36274509803921506
-0.3725490196078427
-0.07843137254901933
-0.01960784313725461
-0.05714285714285694
-0.098901098901099
0.11428571428571443
0.2857142857142858
-0.23809523809523814
-0.36111111111111094
-0.5111111111111111
-0.22222222222222232
0.11111111111111094
-0.3055555555555556
0.30000000000000004
0.13333333333333341
-0.5555555555555554
-0.6984126984126982
0.0
0.06666666666666676
0.0
0.0
0.19047619047619047
0.07142857142857151
0.23809523809523814
0.1428571428571429
0.125
0.125
-0.30357142857142816
0.04166666666666674
-0.02499999999999991
-0.7112299465240621
-0.5882352941176454
-0.6112531969309445
-0.8445378151260485
-0.819327731092435
-0.8784313725490176
-0.19607843137254766
-0.36601307189542376
-1.0980392156862724
-0.24509803921568518
-0.5294117647058805
-1.0294117647058805
-0.725490196078429
-0.49999999999999845
-0.7254901960784299
-0.23529411764705732
-0.49999999999999845
-0.6386554621848721
-0.28431372549019485
-0.6176470588235277
-0.3431372549019589
-0.3137254901960771
-0.6176470588235277
-0.4705882352941164
-0.6470588235294099
-0.22549019607843013
-0.382352941176469
-0.34313725490195934
-0.4019607843137243
-0.4019607843137234
-0.3137254901960771
-0.6503759398496232
-0.3571428571428561
-0.35714285714285676
-0.5476190476190472
0.07142857142857173
-0.07936507936507886
0.11904761904761951
-0.21428571428571352
-0.35714285714285654
4.440892098500626e-16
-0.17857142857142794
0.10714285714285765
-0.37499999999999933
-0.42857142857142816
-0.5535714285714282
-0.4761904761904756
0.057142857142857384
-0.5158730158730149
-0.35714285714285654
0.035714285714286254
-0.0952380952380949
-0.09523809523809468
-0.628458498023714
-0.954545454545453
-0.8080808080808066
-0.6515151515151503
-0.36363636363636265
-1.0272727272727256
-1.045454545454544
-0.745454545454544
-0.23636363636363522
-0.3939393939393929
-0.4545454545454535
-0.40909090909090806
-0.40909090909090806
-0.727272727272726
-0.8409090909090895
-0.4999999999999989
-0.2499999999999991
-0.3939393939393929
-0.12121212121212022
-0.30769230769230727
0.375
0.25
-0.12499999999999978
0.25
-0.24999999999999978
-0.16666666666666652
0.3333333333333335
-0.7
-0.8452380952380951
-0.3857142857142857
-0.4999999999999998
0.5
0.5714285714285714
0.4285714285714286
0.2857142857142858
0.2857142857142858
-0.3928571428571428
-0.3928571428571428
0.07142857142857162
-0.09523809523809512
0.20000000000000018
-0.20000000000000018
-0.7833333333333334
1.1102230246251565e-16
3.3306690738754696e-16
-0.22910216718266163
-0.543859649122806
-0.7543859649122797
-0.6491228070175428
-0.7631578947368414
-0.026315789473683626
-0.5578947368421043
-0.6315789473684199
-0.4210526315789467
-0.517543859649122
-0.13157894736842057
-0.31578947368420973
-0.18421052631578871
-0.0877192982456132
-0.14035087719298178
-0.4035087719298234
0.5
0.02499999999999991
0.40000000000000013
-0.14736842105263115
-0.026315789473683626
-0.3736842105263152
0.070175438596492
-0.48245614035087603
-0.21052631578947278
-0.035087719298244835
-0.06578947368420995
-0.7543859649122795
-0.19298245614034992
-0.19298245614035014
-0.31578947368420973
-0.4298245614035079
-0.45614035087719174
-0.31578947368420973
-0.29824561403508665
-0.6250000000000002
0.25
0.20833333333333348
0.0
-0.16666666666666652
-0.2222222222222221
0.11111111111111094
-0.1666666666666663
-0.22222222222222232
-0.33333333333333304
-0.11111111111111116
0.25
0.0
0.125
0.25
0.25
0.34999999999999987
-0.36363636363636376
-0.45454545454545503
-0.45454545454545503
-0.1212121212121211
-0.15151515151515138
-0.303030303030303
-0.13636363636363646
0.030303030303030276
3.3306690738754696e-16
0.3333333333333335
3.3306690738754696e-16
-0.6570048309178731
-0.427536231884057
-0.014492753623187804
0.03478260869565286
-0.5913043478260855
-0.47826086956521663
-0.12732919254658293
-0.23188405797101375
-0.26086956521739046
-0.6449275362318829
-0.7217391304347816
-0.2608695652173907
-0.3739130434782598
-0.14492753623188337
-0.18840579710144834
-0.07608695652173836
-0.30434782608695565
-0.1956521739130428
-0.6086956521739122
-0.18840579710144856
0.1785714285714286
0.04761904761904767
0.23809523809523814
0.2857142857142858
-0.2999999999999998
-0.1666666666666663
-0.29166666666666674
-0.16666666666666652
-0.24999999999999978
-0.21666666666666634
-0.16666666666666652
-0.16666666666666652
-0.08333333333333304
0.08333333333333348
0.04395604395604458
-0.0769230769230762
-0.07692307692307643
0.11538461538461575
-0.07692307692307643
-0.38461538461538347
0.01923076923076983
-0.051282051282050434
-0.23076923076923017
-0.3846153846153837
-0.21428571428571397
-0.1142857142857141
0.0
-0.04761904761904745
0.08333333333333348
-0.24999999999999978
0.16666666666666696
-0.8169934640522876
-0.5833333333333335
-0.9047619047619051
-0.3333333333333335
-0.25
2.220446049250313e-16
-0.4732142857142845
-0.23809523809523747
0.05714285714285805
-0.5238095238095231
-0.22023809523809423
-0.4285714285714275
-0.047619047619047006
0.019047619047619868
-0.1809523809523801
-0.14285714285714213
-0.2857142857142847
-0.19047619047618936
-0.2857142857142849
0.04761904761904845
-0.08333333333333237
-0.17857142857142771
-0.19047619047618958
-0.5238095238095226
1.1102230246251565e-16
-0.16666666666666652
2.220446049250313e-16
-0.22222222222222232
0.24444444444444458
-0.2777777777777777
0.2222222222222221
-0.05555555555555558
0.11111111111111094
2.220446049250313e-16
1.1102230246251565e-16
-0.02857142857142847
-0.24999999999999978
0.5
-0.11111111111111116
-0.41666666666666674
-0.2777777777777779
0.11111111111111116
-0.05555555555555536
0.11111111111111116
-0.40000000000000013
-0.033333333333333215
2.220446049250313e-16
-0.40000000000000013
-0.16666666666666674
0.25
0.16666666666666685
0.10000000000000009
0.06666666666666676
-1.1527093596059101
-0.3160919540229876
-0.6050156739811905
-0.9373040752351085
-0.7049808429118762
-0.40804597701149325
-0.2844827586206886
-0.22413793103448176
-0.6551724137931023
-0.4827586206896539
-0.11494252873563116
-0.275862068965516
-0.5172413793103436
-0.4137931034482738
-0.7931034482758605
-0.3908045977011483
-0.27586206896551624
-0.21839080459769988
-0.28735632183907955
-0.23275862068965414
-0.494252873563217
-0.35632183908045856
-0.1839080459770106
-0.4827586206896539
-0.2873563218390791
-0.2183908045977001
0.16666666666666674
-0.3666666666666665
0.15000000000000002
0.15476190476190488
-0.05555555555555536
0.011904761904761862
0.0
0.08333333333333326
-0.16666666666666652
0.23611111111111116
0.375
0.0
0.25
-0.08333333333333326
4.440892098500626e-16
0.16666666666666696
0.16666666666666696
0.40000000000000013
0.40000000000000013
-0.19999999999999996
0.40000000000000013
-0.6428571428571423
-0.2857142857142856
-0.3999999999999999
-0.2857142857142856
0.40000000000000013
-0.20000000000000018
0.16666666666666674
0.2222222222222221
0.4444444444444444
0.2222222222222221
0.24444444444444446
0.2222222222222221
-0.06666666666666643
-0.13333333333333308
0.13333333333333341
-0.16666666666666652
-0.06666666666666643
-0.4761904761904756
-0.016666666666666385
0.06666666666666687
-0.33333333333333304
2.220446049250313e-16
-0.21666666666666634
-0.2666666666666664
-0.16666666666666652
0.3333333333333335
2.220446049250313e-16
-0.5535714285714282
-0.375
-0.25
-0.19999999999999996
0.16666666666666674
-0.1333333333333333
-0.95
-0.2999999999999998
-0.1333333333333333
-0.19999999999999996
0.03333333333333355
-0.1333333333333333
0.3500000000000001
0.19999999999999996
0.5
0.2500000000000002
-0.7058823529411757
0.05882352941176472
0.014705882352941457
-0.15126050420168013
-0.07843137254901933
-0.2352941176470582
-0.13725490196078405
-0.13725490196078383
-0.10294117647058787
-0.29411764705882315
-0.47058823529411664
-0.07843137254901933
-0.2205882352941173
-0.25490196078431304
0.15555555555555545
0.04444444444444451
-0.33333333333333304
0.33333333333333326
0.2222222222222221
0.2222222222222221
0.033613445378151696
-0.06535947712418233
-0.4264705882352937
-0.035294117647058476
-0.20168067226890685
-0.29946524064171065
-0.1764705882352937
-0.5098039215686268
-0.5196078431372546
-0.5196078431372546
-0.49579831932773044
-0.13725490196078383
-0.19607843137254855
-0.3137254901960782
0.2857142857142858
-0.42500000000000004
0.125
0.125
0.125
0.41666666666666663
0.16666666666666674
0.15000000000000013
0.16666666666666674
1.1102230246251565e-16
0.0
0.08333333333333337
0.08333333333333337
0.0
0.30000000000000004
-0.09999999999999964
-0.30000000000000004
-0.5500000000000003
-0.8714285714285712
-0.09999999999999987
-0.25
-0.13333333333333308
0.0
-0.4666666666666659
-0.494117647058822
-0.6222222222222211
-0.4571428571428562
-0.16428571428571348
-0.44999999999999885
-0.2999999999999987
-0.9749999999999979
-0.2499999999999991
-0.349999999999999
-0.3999999999999988
-0.5499999999999989
-0.3166666666666653
-0.2999999999999987
-0.19999999999999885
-0.21666666666666523
-0.016666666666665275
0.6000000000000001
0.40000000000000013
0.5000000000000001
0.2500000000000002
0.3333333333333336
0.125
0.625
0.25
0.375
0.25
-0.33333333333333326
3.3306690738754696e-16
3.3306690738754696e-16
0.16666666666666674
-0.5454545454545452
-0.38571428571428545
-0.2857142857142856
0.09523809523809534
-0.24999999999999978
-0.4999999999999998
-0.4166666666666665
-0.05952380952380931
0.16666666666666674
-0.6666666666666665
0.08333333333333337
0.0
-0.08333333333333326
-0.24999999999999956
-0.37499999999999956
-0.5158730158730149
-0.2714285714285709
-0.21428571428571375
-0.10714285714285654
-0.2285714285714282
-0.14285714285714235
-0.16666666666666607
-0.42857142857142794
-0.5714285714285705
0.2727272727272727
-0.8989898989898992
0.36363636363636354
0.20454545454545436
0.2727272727272727
0.1212121212121211
-0.15151515151515138
0.18181818181818166
0.4
0.2666666666666667
-0.10000000000000009
0.30000000000000004
0.20000000000000018
0.20000000000000018
-0.15000000000000013
0.04166666666666674
-0.25
0.04166666666666674
0.25
-0.12499999999999978
0.08333333333333326
0.30000000000000004
0.13333333333333353
0.3737373737373736
-0.11688311688311703
0.1454545454545454
-0.054545454545454675
-0.18181818181818166
-0.29090909090909056
0.20454545454545436
0.12121212121212122
-0.08333333333333326
-0.16666666666666652
2.220446049250313e-16
0.17857142857142871
0.4285714285714286
0.4285714285714286
0.2857142857142857
0.1000000000000002
0.10000000000000009
2.220446049250313e-16
0.0
-0.16666666666666652
3.3306690738754696e-16
-0.31428571428571406
0.20000000000000018
2.220446049250313e-16
3.3306690738754696e-16
3.3306690738754696e-16
-0.3999999999999997
-0.733333333333333
-0.7555555555555549
-0.4333333333333329
-0.5523809523809522
-0.3999999999999999
-0.3999999999999997
-0.06666666666666621
-0.8666666666666663
-0.13333333333333308
-0.03333333333333299
-0.19999999999999973
-0.7941176470588232
-0.38823529411764635
-0.27058823529411713
-0.117647058823529
-0.7815126050420163
-0.029411764705882026
-0.41176470588235237
-0.19607843137254877
0.014705882352941457
-0.10294117647058787
-0.08823529411764652
-0.13725490196078405
-0.07843137254901933
0.03921568627451
-0.11111111111111094
0.3333333333333335
0.3333333333333335
-0.7232142857142856
-0.39285714285714257
-0.4857142857142853
-0.1428571428571428
-0.2727272727272727
-0.24999999999999978
0.10000000000000009
-0.125
-0.16666666666666652
0.19444444444444442
0.2666666666666666
-0.22222222222222232
0.11111111111111094
-0.33333333333333326
0.11111111111111094
0.3500000000000001
-0.2575757575757578
0.04545454545454519
-0.29090909090909123
-0.7636363636363637
-0.09090909090909083
0.12121212121212122
-0.12121212121212088
0.12121212121212122
0.19999999999999996
0.19999999999999996
0.06666666666666665
2.220446049250313e-16
-0.04761904761904745
-0.7380952380952377
-0.3928571428571428
-0.09523809523809512
-0.11111111111111094
0.3333333333333335
-0.24999999999999978
-0.8499999999999999
-0.5499999999999998
-0.22499999999999987
-0.2999999999999998
-0.19999999999999996
-0.033333333333333215
0.16666666666666685
-0.16666666666666652
-0.24999999999999978
-0.2374999999999996
-0.20535714285714235
-0.16249999999999942
-0.06249999999999978
0.20000000000000018
-0.3749999999999998
-0.06249999999999978
-0.5624999999999998
-0.1666666666666663
0.1250000000000001
-0.1666666666666663
-0.1041666666666663
-0.06249999999999978
0.06250000000000044
-0.0499999999999996
0.06250000000000033
-0.06249999999999978
0.08750000000000024
-0.41071428571428514
-0.12499999999999956
-0.0416666666666663
0.1625000000000001
0.020833333333333703
-0.49999999999999933
-0.1041666666666663
-0.5375000000000001
-0.5285714285714282
-0.24285714285714288
0.15000000000000013
-0.5
0.04999999999999993
0.13333333333333353
0.0
-0.17460317460317443
0.2857142857142857
-0.2857142857142856
-0.09523809523809512
0.08333333333333326
0.08333333333333326
0.08333333333333348
-0.19999999999999996
-0.25
0.20000000000000018
0.06666666666666676
0.16666666666666674
0.0
0.3999999999999999
0.30000000000000004
0.16666666666666685
0.30000000000000004
0.2500000000000001
0.16666666666666685
0.05555555555555591
-0.36666666666666603
-0.1944444444444442
0.15277777777777823
-0.0777777777777775
-0.1111111111111105
-0.33333333333333304
-0.16666666666666652
-0.08333333333333304
-0.5555555555555551
-0.13888888888888862
-0.11111111111111072
-0.05555555555555536
-0.444444444444444
-0.2222222222222221
-0.24999999999999978
0.5
0.3333333333333335
-0.5277777777777775
-0.2777777777777777
-0.2777777777777777
-0.2777777777777777
-0.5833333333333333
0.0
0.13888888888888884
-0.3650793650793651
0.37777777777777777
0.2222222222222221
0.11111111111111094
0.2222222222222221
0.515151515151515
0.13636363636363624
-0.045454545454545636
0.20454545454545436
-0.21212121212121215
0.12121212121212122
0.12121212121212122
0.12121212121212122
0.5
0.10989010989011039
0.17307692307692357
-0.10256410256410198
-0.030769230769230216
0.23076923076923117
0.17948717948717996
0.11538461538461586
-0.051282051282050434
0.1538461538461543
-0.051282051282050434
-0.07936507936507842
0.07142857142857184
0.24285714285714322
-0.028571428571428026
-0.07142857142857073
-0.14285714285714235
0.07142857142857206
-0.09523809523809468
-0.17857142857142816
0.14285714285714324
0.02380952380952428
-0.16666666666666652
0.43333333333333346
0.3333333333333336
0.0
-0.48611111111111094
-0.03571428571428559
-0.04166666666666652
0.20833333333333348
0.08333333333333348
-0.08928571428571375
-0.6374999999999997
-0.4874999999999996
-0.24999999999999978
-0.18749999999999956
-0.1666666666666663
-0.4999999999999998
-0.1666666666666663
-0.31249999999999933
-0.6874999999999996
2.220446049250313e-16
-0.24999999999999956
-0.1666666666666663
0.16666666666666674
-0.20833333333333304
-0.375
-0.10000000000000009
0.125
-0.16666666666666652
0.33333333333333337
0.3492063492063493
0.1428571428571428
0.14285714285714302
0.2857142857142858
0.11111111111111105
-0.11111111111111116
0.08333333333333326
-0.02222222222222192
-0.11111111111111094
-0.08333333333333348
0.16666666666666674
-0.7
-0.18571428571428528
-0.16666666666666652
-0.19999999999999996
-0.6499999999999999
-0.050000000000000044
-0.16666666666666652
-0.3999999999999999
0.06666666666666687
1.1102230246251565e-16
0.06666666666666676
-0.7380952380952375
0.6666666666666667
0.3333333333333336
0.3333333333333336
0.5
0.5
-0.2444444444444447
-0.38888888888888884
0.22222222222222232
0.2222222222222221
0.08333333333333348
-0.11111111111111116
-0.05555555555555536
-0.2222222222222221
0.11111111111111094
-0.15555555555555545
-0.3055555555555556
-0.15555555555555545
0.125
-0.37499999999999956
-0.125
0.25
0.25
-0.04761904761904767
-0.08571428571428585
0.23809523809523814
-0.24999999999999978
0.04166666666666674
-0.125
0.16666666666666674
0.25
0.25
-0.030303030303030276
0.1919191919191917
-0.13636363636363646
0.14285714285714268
0.18181818181818177
0.0
0.18181818181818177
-0.030303030303030276
0.7142857142857143
0.3142857142857143
0.2857142857142858
0.09523809523809534
0.06666666666666665
0.40000000000000013
0.0
-0.08333333333333326
-0.5555555555555558
0.125
-0.04166666666666652
-0.08333333333333326
0.3333333333333336
-0.24999999999999978
-0.08571428571428563
-0.31428571428571406
-0.03571428571428559
-0.1428571428571428
0.16666666666666674
0.16666666666666674
-0.09999999999999987
0.6000000000000001
0.40000000000000013
-0.37142857142857144
0.2857142857142858
0.2857142857142858
0.1904761904761907
0.5
0.25
0.10000000000000009
2.220446049250313e-16
2.220446049250313e-16
0.3500000000000001
0.40000000000000013
0.125
-0.02499999999999991
0.125
0.16666666666666674
0.20833333333333337
0.5
0.40000000000000013
0.06666666666666665
0.3999999999999999
0.40000000000000013
0.17777777777777803
0.38095238095238093
0.0
0.05555555555555558
0.2222222222222221
-0.11111111111111116
0.19999999999999996
0.20000000000000018
0.2500000000000002
0.0
0.24444444444444458
0.4444444444444444
0.2222222222222221
0.08333333333333326
0.08333333333333326
0.07142857142857151
0.11428571428571432
0.23809523809523814
-0.1428571428571428
0.3142857142857144
0.2142857142857144
0.1785714285714286
0.2857142857142858
0.2500000000000002
0.6000000000000001
0.40000000000000013
0.16666666666666674
0.35
1.1102230246251565e-16
0.30000000000000004
0.16666666666666685
0.20000000000000007
-0.19999999999999996
0.03333333333333344
0.5
-0.16666666666666652
0.02777777777777779
0.11111111111111094
0.06666666666666665
-0.22222222222222232
-0.08333333333333348
0.0
0.06666666666666687
-0.16666666666666652
0.16666666666666674
0.3333333333333335
0.06666666666666676
-0.08333333333333304
0.0
-0.19999999999999996
0.09999999999999998
0.04166666666666674
0.0
0.2500000000000002
-0.08333333333333326
-0.033333333333333215
0.08333333333333326
0.08333333333333326
0.08333333333333326
0.0
0.2500000000000001
-0.08333333333333326
0.5
-0.042857142857142705
0.40000000000000013
0.5
2.220446049250313e-16
-0.16666666666666652
2.220446049250313e-16
0.06666666666666665
0.06666666666666665
-0.125
0.04166666666666674
0.5
0.2500000000000001
0.2500000000000001
0.5
0.16666666666666674
0.16666666666666685
-0.08333333333333326
0.5
0.3333333333333335
0.3333333333333336
0.25
0.40000000000000013
0.40000000000000013
-0.209090909090909
-0.19999999999999996
0.06666666666666676
0.30000000000000016
0.20000000000000018
0.20000000000000018
0.16666666666666685
0.33333333333333337
0.5000000000000001
0.3333333333333336
0.40000000000000013
0.10000000000000009
2.220446049250313e-16
0.3333333333333335
0.16666666666666696
0.16666666666666674
0.25
-0.2999999999999998
0.06666666666666676
0.3500000000000001
0.34999999999999987
0.5
0.5000000000000001
0.3333333333333335
0.19999999999999996
0.40000000000000013
-0.3124999999999998
-0.8999999999999995
0.10416666666666696
0.19444444444444464
0.06250000000000033
-0.041666666666666075
-0.06249999999999978
0.012500000000000178
0.020833333333333592
-0.14583333333333304
-0.1041666666666663
0.12500000000000033
-0.1041666666666663
2.220446049250313e-16
0.3333333333333335
0.3333333333333335
0.29999999999999993
-0.2666666666666664
2.220446049250313e-16
2.220446049250313e-16
0.25
-0.03571428571428559
-0.16666666666666652
0.2500000000000001
0.20833333333333348
-0.07499999999999996
-0.22222222222222232
0.08333333333333326
0.05555555555555558
0.33333333333333337
-0.11111111111111116
0.2222222222222221
-0.21212121212121215
-0.47272727272727266
-0.45454545454545436
0.1666666666666664
-0.125
-0.303030303030303
-0.030303030303030276
-0.030303030303030276
0.5
0.2916666666666665
0.375
0.375
0.2500000000000001
0.25
0.6666666666666667
0.3333333333333336
0.2500000000000002
0.5
0.3333333333333336
0.3333333333333335
-0.642857142857143
0.15000000000000002
-0.20000000000000018
-0.1333333333333333
0.09999999999999998
0.06666666666666676
-0.4999999999999998
-0.3999999999999999
0.3500000000000001
0.16666666666666685
0.3333333333333335
3.3306690738754696e-16
-0.42500000000000004
0.04166666666666674
0.16666666666666663
0.0
-0.16666666666666652
0.5
0.25
0.25
0.40000000000000013
2.220446049250313e-16
0.0
0.25
0.16666666666666696
0.3333333333333335
0.3333333333333335
0.16666666666666674
0.20000000000000018
0.40000000000000013
-0.25
0.06666666666666665
0.25
-0.02499999999999991
0.06666666666666676
0.09523809523809534
0.25714285714285734
-0.2857142857142856
0.2857142857142858
0.6666666666666667
0.3333333333333336
0.3333333333333335
0.4285714285714286
0.2142857142857144
0.2857142857142857
0.047619047619047894
3.3306690738754696e-16
-0.16666666666666652
3.3306690738754696e-16
-0.06666666666666643
-0.06666666666666665
-0.13333333333333308
-0.06666666666666665
0.0
-0.19999999999999996
0.16666666666666685
0.09999999999999987
0.13333333333333353
0.16666666666666685
-0.5
2.220446049250313e-16
0.5
0.40000000000000013
0.06666666666666687
-0.9350649350649352
-0.6136363636363635
0.012987012987012658
0.22727272727272718
0.3090909090909091
0.18181818181818188
0.060606060606060774
-0.1515151515151516
0.17142857142857149
0.19999999999999996
0.057142857142857384
0.0
-0.2857142857142856
0.2500000000000001
0.3571428571428572
0.2857142857142858
0.2857142857142858
0.5714285714285714
0.4285714285714286
0.2857142857142858
0.3999999999999999
0.40000000000000013
-0.2285714285714282
-0.21428571428571397
-0.23809523809523792
-0.04761904761904745
0.4
-0.08333333333333326
0.3035714285714287
0.375
0.25
0.25
0.16666666666666674
0.19999999999999996
0.0
0.25
-0.14285714285714213
-0.24285714285714222
0.02380952380952417
-0.07142857142857073
-0.04761904761904723
0.02380952380952417
-0.028571428571428248
0.02380952380952439
5.551115123125783e-16
-0.0952380952380949
0.02380952380952428
0.5
0.5
0.028571428571428692
0.050000000000000044
0.3035714285714286
0.25
0.2500000000000001
-0.08333333333333348
-0.2749999999999999
0.2500000000000002
0.0
0.40000000000000013
2.220446049250313e-16
0.2857142857142858
0.1785714285714286
0.2857142857142858
0.2857142857142858
0.06666666666666687
0.06666666666666676
-0.14285714285714257
0.2857142857142857
-0.3928571428571428
0.2857142857142857
0.30000000000000004
-0.44999999999999996
0.4
0.13333333333333353
0.25
0.13333333333333341
-0.20000000000000018
0.0
0.1269841269841271
0.2222222222222221
0.2666666666666667
-2.220446049250313e-16
0.2222222222222221
0.2222222222222221
-0.5714285714285712
0.3142857142857144
0.04761904761904778
0.2857142857142858
-0.02857142857142847
0.20000000000000018
0.25
-0.16666666666666652
0.2500000000000001
0.3333333333333336
0.25
0.16666666666666674
0.3333333333333335
-0.24999999999999978
0.40000000000000013
0.20000000000000018
0.25714285714285734
0.2857142857142858
-0.04761904761904745
-0.47619047619047583
-0.2857142857142856
-0.5714285714285707
-0.1785714285714286
-0.2142857142857144
0.16666666666666685
0.20000000000000007
0.3333333333333335
2.220446049250313e-16
0.19999999999999996
0.40000000000000013
0.5
0.2500000000000001
2.220446049250313e-16
0.3333333333333335
0.5
0.20000000000000018
-0.20000000000000018
0.08333333333333326
-0.1904761904761907
-0.05555555555555536
0.25
0.05555555555555558
0.08333333333333326
-0.08571428571428563
0.40000000000000013
0.16666666666666685
0.5
0.5
0.0
0.08333333333333326
0.2500000000000001
-0.08333333333333326
-0.4166666666666663
2.220446049250313e-16
0.0
0.16666666666666663
0.0
0.08333333333333337
-0.5714285714285707
0.5000000000000001
0.3333333333333335
0.2500000000000002
0.2333333333333334
0.3333333333333336
2.220446049250313e-16
0.16666666666666674
0.5
0.2500000000000002
-0.4166666666666665
2.220446049250313e-16
2.220446049250313e-16
-0.1666666666666663
0.5
0.5
0.25
0.20634920634920628
0.08333333333333326
0.3333333333333335
0.33333333333333326
0.2222222222222221
0.2222222222222221
0.5000000000000001
0.1000000000000002
0.3333333333333336
0.16666666666666674
0.5
0.3999999999999999
-0.10000000000000009
0.047619047619047894
0.09523809523809534
-0.0952380952380949
0.14285714285714302
-0.2337662337662334
0.4285714285714286
0.2857142857142857
0.1428571428571429
0.25
0.16666666666666685
0.1071428571428572
-0.02857142857142847
0.2857142857142858
0.07142857142857151
0.2333333333333334
0.3333333333333335
0.06666666666666676
0.17142857142857149
0.1785714285714286
0.23809523809523825
0.2857142857142858
0.2500000000000002
0.5
0.16666666666666685
3.3306690738754696e-16
0.5
0.0
0.3055555555555556
0.2222222222222221
0.04166666666666674
-0.11111111111111116
0.2222222222222221
0.2222222222222221
0.25
0.0
-0.19047619047619024
0.09523809523809534
0.19047619047619047
0.6000000000000001
0.40000000000000013
0.40000000000000013
-0.10000000000000009
0.5
0.25
0.30000000000000004
0.40000000000000013
0.5
2.220446049250313e-16
0.3333333333333335
0.028571428571428803
-0.31428571428571406
0.3928571428571428
0.2857142857142857
0.5
0.3571428571428572
0.2857142857142858
-0.04761904761904767
-0.09523809523809512
0.06666666666666687
-0.19999999999999996
-0.2142857142857142
-0.04761904761904745
-0.31428571428571406
0.23809523809523814
0.16666666666666685
0.16666666666666685
-0.1666666666666663
0.2857142857142857
0.4285714285714286
0.2857142857142858
0.2857142857142858
0.30000000000000004
0.40000000000000013
0.3333333333333336
0.2500000000000001
0.3333333333333335
0.40000000000000013
-0.1499999999999999
0.20000000000000018
0.20000000000000018
0.5
0.40000000000000013
0.40000000000000013
0.40000000000000013
0.06666666666666676
0.3999999999999999
0.40000000000000013
0.3333333333333335
0.5000000000000001
0.3333333333333335
-0.09999999999999987
0.06666666666666676
0.06666666666666687
0.30000000000000004
3.3306690738754696e-16
0.2333333333333334
0.3333333333333335
0.16666666666666674
0.3737373737373736
0.25757575757575757
-0.20454545454545436
0.318181818181818
0.022727272727272485
0.06060606060606066
0.1090909090909089
0.06060606060606066
0.2500000000000002
0.40000000000000013
0.06666666666666687
0.5
0.6000000000000001
0.40000000000000013
0.5000000000000001
0.3333333333333335
0.3333333333333335
0.0
0.16666666666666674
-0.10000000000000009
0.16666666666666674
0.40000000000000013
-0.10000000000000009
0.06666666666666665
0.40000000000000013
0.25
0.09999999999999998
0.13333333333333341
0.2500000000000001
0.08571428571428608
-0.04761904761904767
0.09523809523809534
0.050000000000000044
0.5
0.43333333333333346
0.3333333333333335
0.3333333333333335
0.20000000000000018
0.40000000000000013
0.40000000000000013
0.06666666666666676
0.15000000000000013
0.20000000000000018
0.5
0.19999999999999996
0.050000000000000044
-0.1428571428571428
0.07142857142857162
0.23809523809523814
0.09523809523809534
0.30952380952380976
0.3333333333333335
0.3333333333333335
0.5
2.220446049250313e-16
0.03571428571428581
0.17857142857142871
0.2857142857142858
0.16666666666666674
0.2222222222222221
0.0
0.2222222222222221
0.11111111111111116
0.2222222222222221
0.25
0.25
0.40000000000000013
0.050000000000000044
0.25
0.5
0.2500000000000002
0.5
0.4666666666666668
0.3333333333333335
0.5
0.5
0.25
0.16666666666666674
0.19999999999999996
0.19999999999999996
0.2678571428571429
-0.3749999999999998
0.375
0.20833333333333348
0.04166666666666674
0.6000000000000001
0.40000000000000013
0.5
0.20000000000000018
0.1499999999999999
0.16666666666666674
0.0
0.4
0.40000000000000013
0.0
0.16666666666666674
0.04166666666666652
-0.12499999999999978
0.20833333333333348
0.16666666666666674
0.5
0.5
0.16666666666666674
0.6000000000000001
0.40000000000000013
0.10000000000000009
0.19999999999999996
0.5
0.19999999999999996
0.06666666666666665
0.08333333333333348
0.16666666666666696
0.16666666666666685
-0.04761904761904767
0.2857142857142858
-0.39285714285714257
0.14285714285714302
0.5
-0.09999999999999987
0.40000000000000013
0.0
0.16666666666666674
0.25
0.3333333333333335
0.2500000000000002
-0.4999999999999998
0.2500000000000002
0.3333333333333336
2.220446049250313e-16
0.16666666666666685
0.06666666666666665
0.20000000000000018
0.25
0.16666666666666674
0.25
-0.3250000000000002
0.16666666666666674
0.20833333333333348
-0.08333333333333326
0.2500000000000001
0.5
0.3333333333333335
0.19999999999999996
0.40000000000000013
0.16666666666666685
0.33333333333333337
0.16666666666666685
0.3333333333333336
0.3333333333333336
2.220446049250313e-16
0.16666666666666685
0.16666666666666674
0.6000000000000001
0.40000000000000013
0.16666666666666674
0.25
0.5
0.40000000000000013
0.20000000000000018
0.5
0.5
0.16666666666666674
0.6000000000000001
0.40000000000000013
0.06666666666666665
0.40000000000000013
0.16666666666666685
0.5
0.5
0.2142857142857144
0.03571428571428603
0.1428571428571429
0.04761904761904767
0.25
0.25
-0.09999999999999964
0.2500000000000002
3.3306690738754696e-16
0.5
0.5
0.5
0.0
0.25
0.0
-0.10000000000000009
0.5
0.14285714285714302
0.17857142857142871
-0.04761904761904745
0.2857142857142858
0.33333333333333337
0.3333333333333336
0.3333333333333336
0.5
0.25
0.16666666666666685
0.5000000000000001
0.3333333333333335
0.5
0.40000000000000013
0.19999999999999996
0.16666666666666685
0.2500000000000002
-0.10000000000000009
0.20000000000000018
0.19999999999999996
0.06666666666666665
0.5
0.25
0.04166666666666674
0.0
0.20833333333333348
0.20833333333333348
0.16666666666666674
0.19999999999999996
0.06666666666666687
0.06666666666666687
0.06666666666666676
0.16666666666666674
0.5
0.5
0.5
0.5
0.3333333333333336
0.3333333333333335
0.25
0.5
0.5
0.25
0.5000000000000002
0.3333333333333336
0.3333333333333335
0.5
0.5
0.5
0.5
0.4
0.40000000000000013
0.25
0.40000000000000013
0.40000000000000013
0.5
0.25
0.19999999999999996
0.40000000000000013
0.5
0.5
0.16666666666666674
0.16666666666666674
0.2500000000000002
0.06666666666666665
0.06666666666666665
0.16666666666666674
0.3333333333333335
-0.033333333333333215
0.3333333333333336
0.06666666666666665
0.20000000000000018
0.5
0.40000000000000013
0.06666666666666676
0.25
0.5
0.16666666666666674
0.25
0.25
0.375
0.25
0.16666666666666663
0.25
-0.08333333333333348
0.25
0.06666666666666665
0.20000000000000018
0.40000000000000013
0.13333333333333353
0.6000000000000001
0.40000000000000013
0.40000000000000013
0.40000000000000013
0.0
0.40000000000000013
0.06666666666666687
0.0
0.0
0.16666666666666674
0.16666666666666674
0.25
0.25
0.25
0.40000000000000013
0.20000000000000018
0.25
0.5
0.25
0.25
0.16666666666666674
0.5
0.25
0.5
0.16666666666666674
0.20000000000000018
0.06666666666666665
0.5
0.16666666666666674
0.6000000000000001
0.40000000000000013
0.5
0.5
0.5
0.25
0.3500000000000001
0.06666666666666687
0.25
0.5
0.06666666666666665
0.40000000000000013
0.5
0.5
0.5
0.5
0.5
0.16666666666666674
0.25
0.5
0.5
