-0.9003496503496489
-0.6615384615384605
-0.492307692307691
-0.7087912087912074
-0.32692307692307576
-0.2820512820512806
-0.7756410256410236
-0.6538461538461529
-0.42307692307692246
-0.46153846153846056
-0.5461538461538449
-0.6999999999999984
-0.22527472527472425
-0.4999999999999991
-0.34615384615384537
-0.08974358974358854
-1.2094017094017078
-0.24358974358974228
-0.24358974358974228
-0.36538461538461453
-0.19230769230769118
-0.5384615384615374
-0.3589743589743577
-0.3076923076923066
-0.012820512820511887
-0.3589743589743577
-0.9659090909090899
-0.9999999999999991
-0.7365384615384598
-0.5090909090909082
-1.03653846153846
-0.541666666666665
-1.1499999999999986
-0.7191176470588216
-0.9249999999999987
-0.8657894736842096
-0.7749999999999981
-0.5722222222222211
-0.6977272727272719
-0.2416666666666658
-0.6249999999999989
-0.6749999999999989
-1.1249999999999978
-0.633333333333332
-0.6821428571428565
-0.8357142857142845
-0.8166666666666651
-0.49999999999999867
-0.34166666666666523
-0.7166666666666655
-0.3916666666666655
-0.34166666666666545
-0.42499999999999893
-0.4833333333333316
-0.36666666666666536
-0.37499999999999933
-0.6749999999999989
-0.7499999999999984
-0.5249999999999984
-0.4416666666666653
-0.649999999999999
-0.41666666666666563
-0.5749999999999991
-0.44166666666666554
-0.4666666666666657
-0.4166666666666652
-0.4999999999999991
0.15000000000000002
0.0
0.125
0.125
-0.25
0.125
-0.04166666666666652
-0.786363636363635
-0.26363636363636256
-0.36363636363636265
-1.0227272727272712
-0.5045454545454533
-0.793706293706292
-0.3712121212121202
-1.0227272727272712
-0.5568181818181803
-0.9671717171717154
-0.8136363636363622
-0.45454545454545325
-0.6818181818181803
-0.49999999999999867
-0.8181818181818166
-0.8136363636363622
-0.3636363636363624
-1.0833333333333321
-0.6818181818181803
-0.40909090909090784
-0.9058441558441541
-1.0580808080808066
-0.3409090909090897
-0.5045454545454533
-0.7337662337662323
-0.5454545454545441
-0.5909090909090897
-0.39090909090908976
-0.3712121212121202
-0.4393939393939381
-0.5075757575757562
-0.4999999999999989
-0.43939393939393834
-0.45454545454545325
-0.6818181818181803
-0.7499999999999984
-0.6136363636363624
-0.4621212121212108
-0.46212121212121104
-0.5681818181818168
-0.6590909090909078
-0.679999999999999
-0.9384615384615367
-1.2523076923076903
-1.1711111111111085
-0.35999999999999854
-0.34666666666666557
-0.7049999999999983
-0.6292307692307681
-0.82153846153846
-1.1199999999999979
-1.0999999999999974
-0.43999999999999795
-0.2971428571428556
-0.4399999999999986
-0.43999999999999795
-1.0266666666666646
-0.4666666666666648
-0.5599999999999987
-0.939999999999998
-0.2699999999999989
-0.5599999999999983
-0.3466666666666651
0.028571428571428692
-0.5000000000000004
0.16666666666666685
-0.3999999999999997
0.050000000000000266
-0.20000000000000018
0.06666666666666687
0.2857142857142857
0.04761904761904767
-0.5714285714285712
-0.2142857142857142
-0.29166666666666674
0.0
-0.3749999999999998
0.25
-0.375
0.6000000000000001
0.34999999999999987
0.40000000000000013
-0.6888111888111881
-0.6923076923076916
-0.181818181818181
-0.03846153846153788
-0.30769230769230727
0.1538461538461544
-0.6410256410256403
0.012820512820513108
-0.2307692307692304
0.10256410256410353
-0.4040404040404031
-0.371657754010694
-0.5818181818181807
-0.7392344497607644
-0.4242424242424234
-0.6558441558441548
-0.4155844155844146
-0.727272727272726
-0.9090909090909078
-0.6969696969696957
-0.4090909090909076
-0.7909090909090892
-0.18181818181818077
-0.3484848484848473
-0.21212121212121127
-0.3030303030303021
-0.4999999999999989
-0.25757575757575646
-0.07575757575757502
-0.507692307692307
0.1538461538461543
-0.3974358974358969
-0.48076923076922995
-0.04615384615384577
-0.2769230769230764
-0.1384615384615382
-0.33846153846153815
0.10256410256410353
-0.46153846153846034
-0.6111111111111109
-0.7875816993464044
-0.5333333333333328
-0.4722222222222219
-0.8333333333333324
-0.6111111111111109
-0.1666666666666663
-0.27777777777777746
-0.04444444444444384
-0.30555555555555536
-0.5555555555555554
0.05555555555555558
-0.1666666666666663
-0.27777777777777746
-0.1666666666666663
0.375
0.375
0.20833333333333326
-0.08333333333333326
-0.375
-0.06722689075630184
-0.6638655462184868
-0.6428571428571421
-0.23529411764705843
-0.5294117647058818
-0.17647058823529393
-0.3137254901960782
-0.2794117647058818
-0.16176470588235237
-0.22058823529411709
-0.22058823529411709
-0.25490196078431326
-0.25490196078431326
-0.23529411764705843
-0.16842105263157858
-0.3777777777777773
-0.6761904761904756
-0.2666666666666666
-0.06666666666666643
0.09523809523809534
-0.07619047619047592
-0.06666666666666643
-0.3999999999999997
0.06666666666666687
-0.13333333333333308
-0.06666666666666643
-0.5438596491228058
-1.0263157894736832
-0.48421052631578876
-0.15789473684210442
-0.22105263157894672
-0.210526315789473
-0.7763157894736832
-0.4035087719298236
-0.08771929824561342
-0.2456140350877185
-0.14035087719298156
-0.2763157894736836
-0.2456140350877185
-0.19298245614034992
-0.17105263157894646
-0.24561403508771829
0.16666666666666674
0.08888888888888902
-0.3111111111111111
-0.39682539682539675
-0.19444444444444464
-0.33333333333333326
0.30000000000000004
0.13333333333333353
0.047619047619047894
0.2500000000000001
0.3571428571428572
0.2857142857142858
-0.10000000000000009
0.07142857142857173
0.11904761904761929
6.661338147750939e-16
-0.2857142857142849
-0.4142857142857137
-0.17142857142857104
-0.32142857142857073
-0.35714285714285676
0.09523809523809568
-0.15714285714285658
-0.0952380952380949
-0.1442307692307685
-0.4679487179487172
-0.0833333333333326
-0.28333333333333255
-0.6666666666666659
-0.3333333333333326
-0.20833333333333282
-0.24999999999999933
-0.6249999999999993
-0.3083333333333327
-0.3916666666666655
-0.5138888888888882
-0.20833333333333282
-0.6999999999999988
-0.16666666666666585
-0.4107142857142845
-0.2166666666666659
-0.2916666666666661
-0.24999999999999933
-0.2499999999999991
-0.24999999999999933
-0.2692307692307683
-0.34615384615384537
-0.3538461538461526
-0.9384615384615369
-0.7857142857142843
-0.2948717948717934
-0.6666666666666654
-0.824175824175823
-0.13846153846153753
-0.5944055944055935
-0.3974358974358956
-0.4999999999999982
-0.13846153846153797
-0.20512820512820418
-0.40384615384615286
-0.3205128205128194
-0.3205128205128194
-0.6615384615384601
-0.9038461538461529
-0.384615384615383
-0.46153846153846056
-0.4038461538461524
-0.3461538461538445
-0.42307692307692224
0.12820512820512864
0.20979020979021035
0.1025641025641032
0.1538461538461544
-0.23076923076923017
0.11538461538461575
-0.07692307692307665
-0.28205128205128127
0.1538461538461544
-0.033333333333333215
-0.11111111111111094
0.2222222222222221
0.2222222222222221
-0.4444444444444442
-0.11111111111111116
-0.030303030303030276
0.15151515151515138
-0.2727272727272725
-0.4242424242424243
-0.030303030303030276
0.030303030303030276
-0.2727272727272727
0.181818181818182
0.5
0.25
0.6
0.34999999999999987
0.19999999999999996
0.2500000000000001
-0.1571428571428568
0.13333333333333353
0.30000000000000004
0.16666666666666685
0.13333333333333353
0.4571428571428573
0.4
0.30000000000000004
0.20000000000000007
0.10000000000000009
0.20000000000000007
0.20000000000000018
3.3306690738754696e-16
0.16666666666666685
0.3333333333333335
0.5
0.20833333333333348
-0.375
0.25
0.08333333333333348
-0.125
0.028571428571428803
0.028571428571428692
0.04761904761904767
0.14285714285714302
-0.3666666666666667
0.20000000000000018
0.30000000000000004
0.4
-0.1333333333333333
0.30000000000000004
0.20000000000000018
0.20000000000000018
0.20000000000000018
0.16666666666666685
0.13636363636363658
0.3333333333333335
0.3333333333333335
0.33333333333333337
0.2500000000000001
0.16666666666666674
-0.40000000000000013
-0.6000000000000001
-0.5
0.20000000000000018
-0.19999999999999973
-0.16666666666666652
-0.06666666666666665
0.25
-0.10000000000000009
0.20000000000000018
0.19999999999999996
-0.8
0.6
0.20000000000000007
1.1102230246251565e-16
0.16666666666666674
0.20000000000000007
-0.1499999999999999
-0.1499999999999997
0.16666666666666663
0.0
-0.25
-0.16666666666666674
0.11666666666666692
0.2500000000000001
0.08333333333333337
0.08333333333333337
-0.09523809523809534
0.2142857142857143
-0.2857142857142856
0.23809523809523814
0.2666666666666666
-0.4722222222222223
-0.3888888888888886
0.2222222222222221
-0.22222222222222232
0.2222222222222221
0.16666666666666685
0.19999999999999996
0.35
-0.19999999999999996
0.34999999999999987
-0.404761904761904
-0.07142857142857051
-0.014285714285713791
0.1190476190476194
-0.35714285714285654
-0.21428571428571375
0.14285714285714346
0.09523809523809557
-0.11428571428571388
-0.09523809523809468
0.09523809523809557
0.4285714285714286
0.3428571428571431
0.2857142857142858
0.2857142857142858
0.18181818181818177
0.04545454545454519
-0.1212121212121211
0.18181818181818177
0.13636363636363624
0.15151515151515138
0.04545454545454519
-0.1212121212121211
0.10000000000000009
0.3500000000000001
-0.08333333333333326
0.3333333333333335
0.16666666666666685
0.2857142857142858
0.2857142857142857
0.09523809523809512
0.09523809523809534
0.5000000000000001
0.5000000000000001
0.3333333333333335
0.40000000000000013
0.06666666666666687
0.34999999999999987
0.20000000000000018
0.40000000000000013
0.40000000000000013
0.3333333333333335
0.2500000000000001
0.3333333333333335
0.5
0.09999999999999998
0.050000000000000044
0.20000000000000018
0.050000000000000044
0.5
0.25
0.17777777777777803
-0.46666666666666634
0.06666666666666687
-0.06666666666666643
-0.13333333333333308
-0.06666666666666643
2.220446049250313e-16
-0.06666666666666643
-0.19999999999999973
-0.06666666666666643
2.220446049250313e-16
0.06666666666666687
0.14285714285714302
0.2857142857142858
0.1785714285714286
0.2857142857142858
0.4
0.20000000000000007
0.20000000000000007
0.0
0.20000000000000018
0.13333333333333353
0.050000000000000155
0.37777777777777777
-0.11111111111111116
0.2222222222222221
0.2222222222222221
-0.2222222222222221
-2.220446049250313e-16
0.40000000000000013
0.20000000000000018
-0.24999999999999978
-0.33333333333333326
0.16666666666666685
0.16666666666666685
0.06666666666666665
0.40000000000000013
0.14285714285714302
0.2857142857142857
0.2857142857142858
0.23809523809523814
0.5000000000000001
0.3333333333333335
0.3333333333333335
0.0
0.6
0.20000000000000018
0.5
0.16666666666666674
0.40000000000000013
0.40000000000000013
0.5
0.16666666666666674
0.25
0.10000000000000009
0.06666666666666676
0.16666666666666674
0.16666666666666674
3.3306690738754696e-16
2.220446049250313e-16
0.16666666666666674
0.5
-0.19999999999999996
0.04761904761904767
0.2857142857142857
0.04761904761904767
0.5
0.3333333333333336
0.16666666666666685
0.3999999999999999
0.40000000000000013
0.5
0.06666666666666687
-0.10000000000000009
0.40000000000000013
0.20000000000000018
0.16666666666666674
0.16666666666666674
0.5
0.5
0.16666666666666674
0.4
0.20000000000000018
0.5
0.25
0.3333333333333335
0.16666666666666685
0.08333333333333348
0.5
0.16666666666666674
0.20000000000000018
0.06666666666666687
0.25
0.5
0.06666666666666665
0.13333333333333353
0.25
0.16666666666666674
0.25
0.5
0.25
