-1.1087832393231243
-0.9007352941176456
-0.7696078431372531
-0.8151260504201661
-0.6058823529411743
-0.6764705882352922
-0.8485294117647042
-0.9558823529411742
-0.8235294117647036
-0.6985294117647041
-0.9372549019607828
-1.0168067226890738
-0.3781512605042001
-0.7882352941176447
-0.46078431372548856
-0.41176470588235126
-1.2254901960784288
-0.25490196078431215
-0.6176470588235279
-0.4264705882352924
-0.8235294117647038
-0.8676470588235277
-0.4264705882352928
-0.6666666666666647
-0.5196078431372528
-1.0294117647058805
-0.3088235294117634
-0.8039215686274492
-0.7058823529411749
-0.5294117647058809
-0.07843137254901866
-0.4558823529411751
-0.22549019607843013
-0.40196078431372406
-1.289511347372723
-1.2789179104477575
-1.0477611940298468
-0.850248756218903
-1.2505891594658238
-0.7086307592472381
-1.3716417910447731
-0.9671641791044756
-1.3365430909966252
-1.2159789288849838
-0.9872068230277147
-0.9988518943742788
-0.825870646766167
-0.5373134328358187
-1.040511727078886
-0.9987562189054677
-1.481343283582087
-0.8942786069651705
-0.9477611940298465
-1.2164179104477562
-0.9751243781094481
-0.847014925373131
-0.42786069651741054
-0.7398720682302737
-0.9278606965174094
-0.4427860696517383
-0.5164179104477582
-0.6119402985074596
-0.8144989339019162
-0.6268656716417877
-0.7611940298507422
-0.7910447761193995
-0.7786069651741259
-0.5761194029850716
-0.8768656716417875
-0.5410447761193999
-1.1164179104477574
-0.5410447761193999
-0.8742004264392287
-0.4875621890547235
-0.9962686567164141
-0.7910447761193995
-0.5024875621890512
-1.1910447761193992
-0.7611940298507427
-0.7611940298507429
-0.5174129353233798
-0.5111940298507434
-0.45771144278606646
-0.5024875621890517
-0.5708955223880565
-0.9751243781094487
-0.5559701492537279
-0.48656716417910273
-0.6567164179104448
-0.6007462686567131
-0.7014925373134298
-0.4278606965174103
-0.5323383084577078
-0.5024875621890514
-0.5621890547263644
-0.5174129353233798
-0.7611940298507422
-0.5174129353233796
-0.4129353233830815
-0.5174129353233798
-0.5174129353233798
-1.0027397260273956
-0.1333333333333333
-0.49999999999999956
-0.19999999999999973
-0.33333333333333304
-0.583333333333333
-0.058333333333333126
-0.3999999999999997
-0.3999999999999997
-0.06666666666666643
-0.33333333333333304
-0.1499999999999997
0.03333333333333355
-0.2666666666666664
-0.06666666666666643
-1.1005993150684898
-0.49429223744292083
-0.5616438356164366
-1.1164383561643807
-1.0397260273972577
-1.0842465753424628
-0.4748858447488562
-1.2557077625570758
-1.0705479452054765
-1.2029887920298865
-0.81409001956947
-0.7397260273972586
-1.1704718417047153
-0.580821917808217
-1.0194063926940617
-1.1682974559686867
-0.48972602739725857
-1.3911719939117178
-1.11415525114155
-0.7962328767123263
-1.0450097847358095
-1.3378995433789935
-0.4575342465753405
-0.5694716242661428
-0.9986301369862987
-0.8242009132420067
-0.6712328767123263
-0.5009784735812117
-0.44748858447488304
-0.5719178082191758
-0.8219178082191751
-0.8510273972602711
-0.8551859099804282
-0.559360730593605
-1.1289954337899517
-0.8356164383561617
-0.7260273972602713
-0.502283105022828
-0.5296803652968014
-0.8105022831050206
-1.0171232876712293
-0.4897260273972581
-0.5283757338551842
-1.0528375733855162
-0.5159817351598146
-0.7808219178082161
-0.5570776255707743
-0.7397260273972581
-0.7123287671232854
-0.5296803652968012
-0.9534246575342447
-0.808219178082189
-0.5570776255707737
-0.5856164383561626
-0.5582191780821899
-0.4885844748858421
-0.8688845401174146
-0.780821917808217
-0.5296803652968014
-0.8082191780821886
-0.5582191780821892
-1.0356164383561626
-0.8630136986301338
-0.529680365296801
-0.4748858447488564
-0.7808219178082163
-0.7260273972602718
-0.5296803652968012
-0.8904109589041063
-0.5433789954337869
-0.7604166666666656
-1.231249999999998
-1.4457236842105248
-1.3519021739130426
-0.37499999999999933
-0.43749999999999933
-0.949999999999998
-0.8124999999999978
-1.011363636363635
-1.36580882352941
-1.3124999999999991
-1.0312499999999987
-0.40624999999999933
-0.6062499999999993
-0.7499999999999989
-1.2024456521739113
-0.8374999999999992
-0.7604166666666659
-0.9374999999999991
-0.31249999999999933
-0.7708333333333326
-0.35416666666666585
-0.7499999999999993
-0.41666666666666585
-0.5937499999999991
-0.34374999999999956
-1.0312499999999991
-0.4166666666666661
-0.32291666666666585
-0.0714285714285714
-0.6833333333333331
0.08333333333333326
-0.33333333333333326
0.01666666666666683
-0.3809523809523807
0.0
-0.3452380952380951
-0.08333333333333326
0.2857142857142857
-0.14285714285714257
-0.5714285714285712
-0.2142857142857142
-0.5999999999999999
-0.5857142857142856
-0.5809523809523809
0.20000000000000007
-0.5999999999999999
-0.7
-0.6499999999999999
0.20000000000000007
0.12499999999999989
0.2999999999999998
0.4
0.2714285714285717
0.20000000000000018
0.04999999999999993
0.20000000000000018
-0.8166666666666647
-0.7631578947368409
-0.3999999999999986
-0.6166666666666656
-0.683333333333332
-0.2499999999999989
-0.433333333333332
-0.5333333333333319
-0.5249999999999986
-0.11666666666666536
-0.34999999999999853
-0.29999999999999893
-0.016666666666665275
-0.5499999999999983
-0.599999999999999
-0.5499999999999985
-0.36666666666666514
-0.6376811594202885
-0.7666666666666653
-1.117204301075267
-1.0627450980392137
-0.7212121212121199
-1.069696969696968
-0.907017543859648
-0.9999999999999984
-1.1166666666666645
-0.8952380952380932
-0.6499999999999988
-1.008333333333332
-0.6190476190476175
-0.6999999999999988
-0.2499999999999991
-0.33333333333333215
-0.928571428571427
-0.36666666666666536
-0.18333333333333246
-0.609523809523808
-0.3333333333333319
-0.7333333333333318
-0.2666666666666657
-0.2666666666666657
-0.23333333333333228
-0.2666666666666657
-0.46666666666666523
-0.7236842105263148
-0.4131578947368415
-0.8128654970760221
-0.7684210526315778
-0.3859649122807005
-0.5964912280701746
-0.1184210526315781
-0.4736842105263148
-0.5157894736842097
-0.6381578947368405
-0.19298245614034992
-0.8289473684210511
-0.22368421052631504
-0.29824561403508665
0.01754385964912364
0.01754385964912364
-0.9456521739130423
-1.0289855072463752
-1.1136044880785403
-0.7913043478260857
-1.0675057208237964
-0.8829431438127078
-0.22101449275362217
-0.4347826086956512
-0.38586956521739024
-0.732919254658384
-0.601449275362318
-0.732919254658384
-0.4782608695652164
-0.6521739130434772
-0.4782608695652164
-0.858695652173912
-0.8152173913043466
-0.23188405797101375
-0.4347826086956512
-0.43478260869565144
0.0
0.5
0.10000000000000075
-0.01666666666666594
-0.09999999999999876
-0.2928571428571418
-0.6357142857142848
-0.16666666666666563
-0.5499999999999989
-0.4499999999999993
-0.016666666666665275
-0.4166666666666654
8.881784197001252e-16
-0.11666666666666514
-0.44999999999999885
-0.21666666666666545
-0.4166666666666654
-0.5499999999999985
-0.1666666666666654
-0.4484848484848476
-1.091228070175438
-0.8666666666666651
-0.7999999999999987
-0.6666666666666647
-0.7190476190476176
-0.6666666666666652
-0.6999999999999984
-0.6095238095238082
-0.6888888888888873
-0.49166666666666536
-0.7999999999999983
-0.5333333333333317
-0.7499999999999984
-0.3999999999999988
-0.6333333333333324
-0.33333333333333215
-0.5666666666666651
-0.38333333333333264
-0.33333333333333215
-0.6999999999999988
-0.49999999999999867
-0.8999999999999979
-0.6999999999999986
-0.3833333333333324
-0.399999999999999
-0.3999999999999988
-0.5256166982922195
-0.9442815249266845
-1.0146627565982387
-0.8451612903225791
-0.3440860215053754
-0.5307917888563038
-0.3796526054590559
-0.6589861751152057
-0.6301075268817191
-0.4331797235023027
-0.641577060931898
-0.15591397849462263
-0.17972350230414658
-0.41935483870967616
-0.24423963133640458
-0.39516129032257963
-0.47741935483870845
-0.4086021505376334
-0.27956989247311714
-0.24731182795698836
-0.27956989247311714
-0.5161290322580634
-0.24731182795698814
-0.4086021505376334
-0.3306451612903216
-0.4274193548387084
-0.41935483870967616
-0.37634408602150415
-1.038461538461537
-1.1176470588235272
-0.7058823529411742
-0.5080213903743296
-0.3627450980392144
-0.5723981900452466
-1.046218487394956
-0.5196078431372535
-0.5470588235294098
-0.3676470588235279
-0.554621848739494
-0.722222222222221
-0.5882352941176454
-0.7016806722689057
-0.5294117647058807
-0.4176470588235277
-0.24999999999999845
-1.0756302521008383
-0.476470588235292
-0.5882352941176454
-0.6705882352941155
-0.3725490196078416
-0.4558823529411751
-0.40196078431372384
-0.4313725490196063
-0.46078431372548856
-0.5588235294117627
-0.4411764705882337
-0.4264705882352928
-0.43137254901960587
-0.2549019607843126
0.1272727272727271
-0.31313131313131337
-0.6103896103896107
-0.6363636363636367
-0.6060606060606062
-0.4545454545454546
-0.6212121212121213
-0.3818181818181816
-0.05714285714285694
-0.09523809523809512
0.1785714285714286
-0.25
-0.1212121212121211
0.1038961038961036
-0.15151515151515182
-0.07575757575757591
-0.6136363636363638
0.12121212121212122
-0.09090909090909105
0.18181818181818177
-0.22222222222222188
0.0
-0.32894736842105177
-0.2669172932330821
-0.3815789473684206
-0.5902255639097733
-0.7330827067669166
-0.8533834586466156
-0.5657894736842093
-0.9436090225563902
-0.6052631578947363
-0.6118421052631571
-0.28947368421052544
-0.2999999999999994
-0.37894736842105203
-0.29824561403508687
-0.32456140350877094
-0.4078947368421042
-0.24561403508771895
-0.37719298245613975
-0.3552631578947363
-0.6052631578947356
-0.3070175438596483
-0.35087719298245523
-0.2982456140350871
-0.35526315789473584
-0.38596491228070073
-0.3552631578947356
-0.3245614035087714
-0.35087719298245523
-0.42982456140350767
-0.38157894736842035
-0.2982456140350871
-0.4035087719298238
-0.3026315789473677
-0.4298245614035079
-0.4561403508771922
-0.599999999999999
-0.8863636363636349
-0.23928571428571255
-0.949999999999998
-1.2423076923076901
-0.8214285714285703
-0.5249999999999986
-0.7107142857142841
-0.6499999999999986
-0.4166666666666654
-0.7717391304347812
-0.5249999999999988
-0.31666666666666554
-0.791666666666665
-0.5249999999999988
-0.912499999999999
-0.7499999999999989
-0.8607142857142842
-0.3416666666666659
-0.9694444444444428
-0.5749999999999993
-0.6249999999999984
-0.5749999999999982
-1.2055555555555535
-0.5999999999999983
-0.31666666666666576
-0.3666666666666658
-0.4166666666666652
-0.7749999999999988
-0.4166666666666661
-0.724999999999999
-0.599999999999999
-0.7749999999999986
-0.49999999999999867
-0.39166666666666594
-0.5499999999999992
-0.6999999999999984
-0.5840909090909079
-0.9285714285714273
-0.8666666666666645
-1.3220588235294093
-1.0499999999999985
-0.732692307692306
-0.7357142857142844
-0.9857142857142844
-0.624999999999998
-0.8555555555555538
-0.4916666666666656
-0.574999999999998
-0.44999999999999885
-0.349999999999999
-0.7249999999999988
-0.6499999999999986
-0.6749999999999987
-1.0749999999999988
-0.9833333333333316
-0.5249999999999986
-0.7416666666666651
-0.8678571428571413
-1.0583333333333322
-0.6249999999999989
-0.341666666666665
-0.6499999999999984
-0.6249999999999987
-0.7499999999999982
-0.6749999999999985
-0.8999999999999979
-0.9749999999999983
-0.36666666666666536
-0.44166666666666554
-0.8249999999999991
-0.5999999999999985
-0.5999999999999983
-0.3916666666666653
-0.715909090909089
-0.15384615384615308
-0.31818181818181723
-0.07272727272727164
-0.045454545454544526
-0.5757575757575746
-0.43181818181818055
-0.40909090909090806
-0.4545454545454535
-0.07575757575757502
-0.16666666666666585
-0.40909090909090784
-0.6590909090909078
-0.4999999999999989
-0.13636363636363558
-0.3030303030303021
-0.3030303030303021
-0.07575757575757502
-0.3484848484848475
-0.012820512820512109
-0.5512820512820504
0.03846153846153899
0.10256410256410331
-0.461538461538461
-0.6346153846153839
-0.3076923076923066
-0.46153846153846056
0.03846153846153899
-0.12820512820512753
-0.4166666666666661
-0.2833333333333332
-0.33333333333333304
-0.5777777777777773
-0.5666666666666662
2.220446049250313e-16
-0.9749999999999996
-0.06666666666666643
-0.33333333333333304
-0.21666666666666634
-0.3999999999999997
2.220446049250313e-16
0.23333333333333328
0.19999999999999996
-0.26190476190476186
0.057142857142857384
0.09523809523809534
0.23809523809523814
-0.33333333333333326
0.09722222222222232
0.4444444444444444
0.2222222222222221
0.16666666666666652
0.2222222222222221
-0.12499999999999933
-0.09166666666666612
-0.3541666666666665
-0.4166666666666661
-0.21428571428571352
-0.2638888888888884
-0.38333333333333264
-0.5833333333333326
-0.24999999999999956
-0.26666666666666616
-0.16666666666666607
-0.48611111111111005
-0.24999999999999933
-0.20833333333333282
-0.3749999999999991
-0.45833333333333237
-0.583333333333333
-0.24999999999999956
-0.24999999999999933
-0.741666666666666
-0.20833333333333282
0.13970588235294157
0.1137254901960788
0.016806722689076015
-0.09411764705882297
-0.007352941176470118
-0.01960784313725461
0.10294117647058854
-0.6029411764705876
0.0980392156862746
-0.3193277310924363
-0.41176470588235214
-0.13725490196078405
-0.17647058823529416
-0.1764705882352937
-0.08333333333333348
0.02499999999999991
0.0
-0.375
0.04166666666666674
0.34999999999999987
0.06666666666666676
0.11111111111111083
-0.833333333333333
0.08333333333333348
0.08333333333333326
-0.3333333333333328
-0.08333333333333326
-0.33333333333333304
-0.08333333333333304
0.08333333333333326
-0.09166666666666656
-0.3999999999999999
-0.04166666666666652
0.125
0.25
-0.4761904761904763
2.220446049250313e-16
-0.1428571428571428
-0.14285714285714257
0.09523809523809545
-0.09999999999999964
-0.6499999999999997
0.21666666666666679
0.06666666666666687
0.01666666666666683
0.15000000000000013
-0.016666666666666385
0.06666666666666687
0.06666666666666687
0.11666666666666692
2.220446049250313e-16
0.0
-0.2521367521367517
0.1076923076923082
0.11538461538461586
0.09230769230769276
-0.326923076923076
0.03846153846153899
-0.2692307692307687
-0.051282051282050434
-0.12820512820512753
-0.3076923076923066
0.2222222222222222
0.33333333333333326
0.2777777777777779
0.2222222222222221
0.0
0.2222222222222221
-0.8499999999999996
-0.5833333333333333
-0.7499999999999996
-0.08333333333333326
-0.33333333333333326
-0.41666666666666674
0.0
0.16666666666666685
-0.16666666666666607
0.3333333333333335
2.220446049250313e-16
0.3333333333333335
-0.5714285714285712
-0.050000000000000044
0.2857142857142858
0.25
-0.25
0.1428571428571428
0.09523809523809534
-0.2142857142857142
-0.04761904761904745
-1.0999999999999988
-0.14999999999999902
-0.24999999999999933
-0.2499999999999989
0.0250000000000008
8.881784197001252e-16
-0.2499999999999991
-0.11666666666666581
-0.24999999999999867
-0.3111111111111098
-0.11666666666666536
-0.34999999999999853
-0.399999999999999
-0.3166666666666653
-0.11666666666666536
-0.11666666666666536
-0.7499999999999984
-0.7929606625258787
-0.33333333333333237
-0.08571428571428497
-0.23809523809523725
-0.8809523809523794
-0.23809523809523747
-0.35714285714285676
-0.42857142857142794
-0.32142857142857073
-0.19047619047618958
-0.16666666666666607
-0.17857142857142794
-0.08571428571428497
-0.14285714285714213
-0.2261904761904756
-0.14285714285714213
-0.5714285714285703
-0.2857142857142849
-0.09523809523809534
0.2142857142857143
-0.8571428571428572
0.07142857142857151
0.5000000000000001
0.5000000000000001
0.3333333333333335
0.16666666666666674
-0.733333333333333
-0.49999999999999956
1.1102230246251565e-16
-0.33333333333333326
1.1102230246251565e-16
-0.08333333333333326
0.16666666666666663
0.08333333333333315
0.06666666666666676
-0.02857142857142847
-0.19047619047619024
0.1714285714285716
0.09523809523809534
0.09523809523809534
-0.4285714285714284
-0.19642857142857117
-0.07142857142857117
-0.04761904761904745
-0.6285714285714272
-0.29999999999999893
-0.3749999999999989
-0.2499999999999991
-0.7833333333333325
-0.6999999999999993
-0.2499999999999989
-0.06666666666666532
-0.29999999999999916
-0.21666666666666545
-0.2499999999999989
-0.7166666666666652
-0.3833333333333324
-0.3999999999999988
-0.11666666666666536
-0.5499999999999987
-0.06666666666666532
0.25
-0.1333333333333333
0.2500000000000001
0.16666666666666685
0.16666666666666663
-0.09999999999999987
0.06666666666666687
-0.22222222222222188
0.011111111111111405
-0.13888888888888884
-0.24999999999999978
0.027777777777778123
-0.08333333333333326
4.440892098500626e-16
-0.13888888888888862
-0.2222222222222221
-0.11111111111111094
-0.13888888888888862
-0.33333333333333304
-0.22222222222222188
-0.22222222222222188
-0.2222222222222221
0.40000000000000013
0.19999999999999996
2.220446049250313e-16
4.440892098500626e-16
3.3306690738754696e-16
-0.4285714285714284
0.1428571428571429
2.220446049250313e-16
0.028571428571428692
0.16666666666666674
-0.08333333333333326
0.16666666666666663
0.06666666666666665
-0.33333333333333326
0.0
0.16666666666666674
-0.33333333333333326
0.16666666666666674
-0.08333333333333348
0.22222222222222232
0.33333333333333326
0.1527777777777779
0.08333333333333326
-0.22222222222222232
0.2222222222222221
0.23809523809523814
0.07142857142857162
-0.04761904761904767
0.23809523809523814
0.07499999999999996
-0.033333333333333215
0.32857142857142874
0.25
0.13333333333333353
-0.033333333333333215
2.220446049250313e-16
0.2500000000000002
0.5
0.375
0.375
0.20833333333333337
0.25
0.25
0.3333333333333336
-0.708333333333333
0.01666666666666672
0.2500000000000001
-0.1666666666666663
0.16666666666666674
0.08333333333333348
0.08333333333333348
0.16666666666666652
0.34999999999999987
0.2666666666666666
-0.1964285714285714
-0.20833333333333304
-0.125
-0.125
0.20833333333333348
0.16666666666666674
-0.08333333333333304
-0.33333333333333326
2.220446049250313e-16
0.2666666666666666
0.06666666666666665
0.125
0.125
-0.30357142857142816
0.04166666666666674
0.125
-0.18478260869565144
-0.5217391304347816
-0.2434782608695647
-0.6782608695652161
-0.6770186335403718
-0.6478260869565207
-0.10869565217391242
-0.054347826086955875
-0.6521739130434772
-0.14130434782608625
-0.18478260869565144
-0.6086956521739117
-0.4347826086956512
-0.18478260869565144
-0.7217391304347813
-0.22826086956521663
-0.27536231884057893
-0.1521739130434776
-0.10144927536231818
-0.31884057971014435
-0.29370629370629375
-0.14285714285714302
0.010101010101010055
-0.43939393939393945
0.15909090909090884
0.0454545454545453
0.1212121212121211
0.1515151515151516
0.3333333333333335
-0.20833333333333304
-0.33333333333333304
-0.33333333333333326
-0.18333333333333313
0.16666666666666674
-0.3333333333333335
-0.4166666666666665
0.08333333333333326
-0.1499999999999999
-0.4166666666666663
-0.08333333333333326
-0.08333333333333326
-0.16666666666666652
-0.6666666666666665
-0.25
-0.1666666666666663
-0.08333333333333326
-0.3749999999999998
0.3333333333333335
0.3333333333333336
-0.5714285714285712
-0.7142857142857142
-0.4107142857142856
-0.24999999999999978
-0.1499999999999999
1.1102230246251565e-16
0.25
-0.5999999999999994
0.08333333333333348
3.3306690738754696e-16
-0.04273504273504214
-0.3333333333333326
-0.2991452991452983
-0.35384615384615303
-0.5164835164835158
0.13461538461538514
-0.15384615384615308
-0.46153846153846034
-0.2051282051282044
-0.11538461538461475
0.5
0.09999999999999987
0.16666666666666674
0.2222222222222221
0.17460317460317465
0.2222222222222221
0.0
0.2222222222222221
-0.24999999999999978
0.5000000000000001
0.3333333333333335
-0.20833333333333326
0.16666666666666674
0.125
-0.125
0.125
0.392857142857143
0.0
0.25
0.25
0.25
0.5
0.09523809523809534
0.2142857142857143
-0.023809523809523725
0.09523809523809534
3.3306690738754696e-16
0.3333333333333335
3.3306690738754696e-16
-0.13333333333333308
0.18333333333333357
0.13333333333333353
0.03333333333333366
-0.33333333333333304
-0.2666666666666664
-0.19999999999999973
-0.06666666666666643
-0.3999999999999997
-0.2666666666666664
-0.06666666666666643
-0.13333333333333308
0.30000000000000004
0.10000000000000009
0.1499999999999999
2.220446049250313e-16
-0.3999999999999999
-0.04761904761904745
-0.09523809523809512
0.08333333333333337
0.3472222222222223
0.25
0.125
0.25
0.0
0.0
0.19999999999999996
-0.15000000000000013
-0.1428571428571428
-0.1428571428571428
-0.1428571428571428
-0.6428571428571423
0.08333333333333348
0.08333333333333337
0.2500000000000001
-0.24999999999999978
2.220446049250313e-16
-0.08333333333333326
0.06666666666666687
0.16666666666666663
0.0
0.06666666666666676
3.3306690738754696e-16
2.220446049250313e-16
3.3306690738754696e-16
0.3333333333333336
-0.1666666666666663
0.08333333333333348
0.16666666666666674
0.3333333333333336
0.5
0.07142857142857162
-0.04761904761904767
-0.25
0.23809523809523814
-0.03571428571428559
0.04166666666666674
0.125
0.0
-0.04166666666666652
0.25
-0.9285714285714279
-0.18749999999999956
-0.20833333333333282
-0.6499999999999997
-0.18749999999999978
-0.1666666666666663
-0.013888888888888618
-0.0416666666666663
-0.1041666666666663
-0.2916666666666663
0.020833333333333592
-0.18749999999999956
-0.37499999999999956
0.375
0.125
0.08333333333333326
0.375
0.25
0.1250000000000001
0.4285714285714286
0.2857142857142858
0.2857142857142858
0.04444444444444451
0.13333333333333341
0.5
0.16666666666666674
-0.39285714285714235
-0.11904761904761907
-0.24999999999999978
-0.2857142857142856
0.5
0.25
-0.04999999999999982
0.3666666666666666
0.4
0.4
0.16666666666666674
0.04999999999999993
0.13333333333333353
0.0
-0.16666666666666652
-0.16666666666666652
2.220446049250313e-16
-0.04761904761904745
-0.371428571428571
-0.2857142857142856
-0.04761904761904767
0.5
-0.06349206349206349
0.4285714285714286
0.2857142857142858
0.2857142857142858
0.16666666666666674
0.38888888888888884
0.4444444444444444
-0.11111111111111116
0.3333333333333335
0.25
0.2222222222222221
0.33333333333333337
-0.42500000000000004
0.25
0.125
0.16666666666666674
0.5714285714285714
0.2857142857142857
0.3571428571428572
0.2857142857142858
0.5
0.08333333333333348
-0.25
-0.375
-0.125
0.08333333333333348
-0.03333333333333299
-0.4222222222222216
-0.155555555555555
-0.06666666666666643
2.220446049250313e-16
-0.2666666666666664
0.06666666666666687
-0.34999999999999964
-0.06666666666666643
-0.3999999999999997
-0.13333333333333308
-0.33333333333333304
0.5
0.40000000000000013
0.06666666666666665
0.2500000000000002
0.5000000000000001
0.3333333333333335
-0.08333333333333304
0.16666666666666674
2.220446049250313e-16
-0.07142857142857117
3.3306690738754696e-16
0.1071428571428572
-0.04761904761904745
-0.04761904761904745
-0.25
0.12698412698412698
0.05555555555555569
0.08333333333333348
0.25
0.11111111111111094
0.0
0.4285714285714286
-0.1428571428571428
0.4285714285714286
0.2857142857142858
0.4285714285714286
0.4285714285714286
0.2857142857142858
0.2857142857142857
0.20000000000000018
-0.10000000000000009
0.25
0.16666666666666674
0.5
0.2500000000000002
0.3333333333333335
0.5000000000000001
0.3333333333333336
0.40000000000000013
0.40000000000000013
0.34999999999999987
0.16666666666666674
-0.375
-0.375
-0.29166666666666674
-0.125
-0.125
-0.5079365079365079
0.05555555555555558
0.2222222222222221
-0.22222222222222232
2.220446049250313e-16
0.2222222222222221
-0.04166666666666652
0.3333333333333335
0.3333333333333336
-0.49999999999999933
3.3306690738754696e-16
-0.16666666666666652
0.40000000000000013
0.3571428571428572
0.14285714285714302
0.1904761904761907
0.25
0.25
-0.16666666666666652
0.08333333333333348
0.08333333333333348
0.5
-0.16666666666666652
-2.220446049250313e-16
0.05555555555555569
-0.5833333333333335
0.05555555555555558
0.2222222222222221
0.25
0.16666666666666674
-0.08333333333333304
-0.24999999999999978
2.220446049250313e-16
0.047619047619048005
0.3333333333333335
3.3306690738754696e-16
-0.20000000000000018
0.06666666666666665
0.16666666666666674
0.19047619047619047
0.1428571428571429
0.1785714285714286
0.1785714285714286
0.08333333333333337
0.16666666666666674
0.25
0.25
0.15000000000000024
0.08333333333333348
-0.016666666666666607
-0.08333333333333326
1.1102230246251565e-16
0.0
-0.19999999999999996
0.07142857142857162
0.19047619047619047
0.2666666666666667
0.3333333333333335
0.16666666666666685
0.16666666666666685
0.25
0.4666666666666668
0.43333333333333346
0.3333333333333336
0.37777777777777777
-0.16666666666666652
0.11111111111111094
0.33333333333333326
0.2222222222222221
0.2222222222222221
0.10000000000000009
0.40000000000000013
-0.3500000000000001
0.0
-0.08333333333333348
-0.08333333333333348
-0.25
0.125
-0.16666666666666652
0.25
0.20833333333333348
0.08333333333333348
0.6000000000000001
0.40000000000000013
0.5
0.3333333333333335
0.3333333333333336
0.16666666666666696
0.2857142857142858
0.2857142857142857
0.4285714285714286
0.2857142857142858
0.16666666666666674
-0.08333333333333326
0.16666666666666685
3.3306690738754696e-16
0.30000000000000004
-0.12499999999999978
-0.125
-0.02499999999999991
0.2500000000000001
0.06666666666666665
0.06666666666666665
0.5
0.5
0.23809523809523814
-0.04761904761904745
0.2857142857142858
0.1785714285714286
0.16666666666666674
-0.04761904761904767
0.07142857142857162
-0.09523809523809512
-0.04761904761904745
-0.25
0.16666666666666685
0.16666666666666685
-0.4166666666666663
0.6000000000000001
0.40000000000000013
0.5
2.220446049250313e-16
0.16666666666666685
0.3333333333333335
0.06666666666666665
-0.10000000000000009
0.07142857142857162
-0.2857142857142856
-0.035714285714285365
0.23809523809523803
0.06666666666666665
0.06666666666666676
0.19999999999999996
0.19999999999999996
0.1904761904761907
0.2857142857142858
0.09523809523809534
0.14285714285714302
0.6000000000000001
0.40000000000000013
0.16666666666666685
3.3306690738754696e-16
-0.16666666666666652
0.25
0.16666666666666674
-0.16666666666666652
0.16666666666666685
0.06666666666666665
0.34999999999999987
0.06666666666666676
0.19999999999999996
0.5
0.25
0.34999999999999987
0.06666666666666676
0.06666666666666665
2.220446049250313e-16
0.5
0.5
0.25
0.6000000000000001
0.3999999999999999
0.2500000000000002
0.25
0.4285714285714286
0.2857142857142858
0.1785714285714286
0.2857142857142858
0.5
0.33333333333333337
2.220446049250313e-16
0.3333333333333335
0.0
0.2500000000000002
0.16666666666666685
-0.16666666666666652
0.3333333333333335
0.16666666666666685
0.03333333333333344
0.16666666666666685
0.2222222222222221
0.3333333333333335
0.33333333333333326
0.11111111111111116
0.2222222222222221
0.11111111111111094
0.5
0.16666666666666674
0.5
0.34999999999999987
0.20000000000000018
0.2500000000000001
0.16666666666666685
0.16666666666666696
0.25
0.5
0.20000000000000018
0.06666666666666676
0.0
0.40000000000000013
0.10000000000000009
0.5
0.6000000000000001
0.40000000000000013
0.5
0.0
-0.11111111111111116
0.2222222222222221
0.37777777777777777
0.2777777777777778
0.11111111111111094
0.16666666666666674
0.29999999999999993
0.19999999999999996
0.06666666666666665
0.25
0.16666666666666674
0.16666666666666674
0.5
0.25
0.5
-0.1499999999999999
0.40000000000000013
0.25
0.16666666666666674
0.40000000000000013
2.220446049250313e-16
0.16666666666666674
0.2500000000000002
0.3500000000000001
0.16666666666666674
0.3333333333333335
-0.1666666666666663
0.4285714285714286
0.3142857142857145
0.2857142857142857
0.047619047619047894
0.16666666666666674
0.20000000000000018
0.20000000000000018
0.19999999999999996
0.13333333333333353
0.25
0.5
-0.26666666666666705
0.06666666666666687
0.3999999999999999
0.40000000000000013
0.20000000000000007
0.20000000000000018
0.25
0.2500000000000002
1.1102230246251565e-16
-0.16666666666666652
1.1102230246251565e-16
0.5
0.06666666666666676
0.06666666666666676
0.25
0.16666666666666674
0.16666666666666674
0.6
0.40000000000000013
0.2500000000000002
0.16666666666666674
0.5
0.5
0.5
0.16666666666666674
0.5
0.16666666666666674
0.5
0.5
0.20000000000000018
0.40000000000000013
0.5
3.3306690738754696e-16
2.220446049250313e-16
0.16666666666666685
0.25
3.3306690738754696e-16
0.33333333333333337
0.3333333333333335
0.0
0.5
0.5
0.16666666666666674
0.25
0.16666666666666674
0.16666666666666674
0.5
0.25
0.5
0.25
0.40000000000000013
0.06666666666666665
0.25
0.25
0.25
0.6000000000000001
0.40000000000000013
0.5
0.5
0.16666666666666674
0.25
0.16666666666666674
