0.0
0.40000000000000013
-1.0
-0.32631578947368456
-0.44999999999999973
0.19999999999999996
0.0
0.0
0.0
0.0
2.220446049250313e-16
0.0
0.0
0.0
0.5
-0.16666666666666652
0.0
-0.16666666666666652
-0.733333333333333
0.0
-0.6666666666666663
-0.8666666666666665
-1.2619047619047619
-0.5833333333333333
-0.16666666666666674
-0.33333333333333304
-1.3508771929824563
-0.21666666666666612
-0.4999999999999998
-0.8333333333333328
-0.8333333333333333
-0.5833333333333328
0.3666666666666667
-0.19999999999999996
-0.6000000000000001
-0.10000000000000009
-0.19999999999999996
0.5
0.5
0.0
0.4780219780219783
0.4761904761904766
0.44285714285714317
0.34285714285714297
-1.2489177489177474
0.21008403361344574
0.3949579831932777
0.36666666666666714
0.35714285714285754
0.21428571428571452
0.39285714285714324
0.035714285714286254
0.4285714285714286
0.3428571428571432
0.0
0.0
-1.2941176470588225
-0.6666666666666665
-0.8333333333333333
0.0
0.33333333333333337
0.33333333333333337
0.0
0.0
-0.33333333333333304
-0.6666666666666665
-0.33333333333333326
0.0
-0.6666666666666665
0.0
0.0
-0.2857142857142856
0.0
0.0
0.30000000000000004
-0.7857142857142858
0.16666666666666652
0.15000000000000013
-0.5323232323232319
-0.6666666666666665
0.10000000000000009
0.6
-0.050000000000000044
-0.18235294117647016
-0.9696969696969693
-1.393939393939394
-2.220446049250313e-16
-0.6363636363636362
-0.636363636363636
-1.151515151515151
-1.3181818181818183
-0.7272727272727271
-1.4848484848484853
-0.8181818181818179
-1.3636363636363638
-0.9797979797979808
0.0
0.0
-0.9797979797979777
-0.6136363636363635
-0.4772727272727273
-0.4396551724137925
0.13888888888888895
-0.33333333333333326
-0.7142857142857142
0.0
-1.314285714285714
-1.0470588235294116
0.10000000000000009
0.0
0.0
0.0
0.0
0.0
-0.7777777777777779
-0.33333333333333326
0.0
-0.33333333333333326
0.0
-0.5999999999999999
0.0
-0.33333333333333304
0.0
1.1102230246251565e-16
-0.7
-1.0
-0.5333333333333332
-0.55
-1.0
-0.7103448275862065
-0.9285714285714286
-0.12222222222222201
-0.7444444444444445
-0.8636363636363635
0.0
0.33333333333333337
0.0
0.0
0.0
0.0
0.0
0.0
-0.6000000000000001
2.220446049250313e-16
-0.33333333333333326
0.16666666666666674
-1.166666666666666
-0.9999999999999998
-0.33333333333333304
-0.4999999999999998
-0.33333333333333326
-0.33333333333333326
-0.2565789473684208
-0.25
-0.125
-0.3964285714285709
-0.6805555555555531
0.25
0.0
-0.625
0.0
-0.75
0.0
0.0
-0.9999999999999998
-0.33333333333333326
-0.33333333333333326
-0.33333333333333326
-0.16666666666666652
0.0
0.0
-0.6666666666666665
0.0
0.10000000000000009
0.33333333333333337
0.13333333333333341
0.13333333333333341
0.09999999999999998
-0.5714285714285712
-0.5584415584415585
-0.5502645502645502
-0.514285714285714
-0.2857142857142856
-0.614718614718613
0.2857142857142858
0.33333333333333337
0.33333333333333337
0.0
-0.33333333333333304
1.1102230246251565e-16
-0.33333333333333304
-0.9999999999999996
-0.7333333333333332
4.440892098500626e-16
0.0
0.0
0.0
-0.33333333333333304
-0.833333333333333
-0.8333333333333333
0.0
0.0
2.220446049250313e-16
0.33333333333333337
-0.33333333333333326
-0.8285714285714283
-0.4285714285714284
-0.7857142857142856
-0.7857142857142856
-0.4285714285714284
-1.2589285714285716
-0.9999999999999998
0.5
0.33333333333333337
0.0
0.16666666666666674
0.33333333333333337
0.5
0.0
0.0
0.0
-1.2999999999999998
1.1102230246251565e-16
2.220446049250313e-16
-0.6666666666666663
3.3306690738754696e-16
-0.6666666666666663
-1.0714285714285707
0.0
-0.9000000000000001
0.0
-1.1666666666666665
-0.8499999999999999
0.0
-0.09999999999999987
0.33333333333333337
-1.1515151515151514
0.33333333333333337
0.6666666666666667
0.6666666666666667
0.06666666666666676
0.16666666666666685
0.10000000000000009
-0.3666666666666667
0.0
-0.647727272727272
-1.083333333333333
-0.49999999999999933
-0.49999999999999956
-0.4374999999999998
3.3306690738754696e-16
-0.3541666666666661
-0.7499999999999993
-0.24999999999999956
-0.4374999999999998
-1.2124999999999995
-0.6874999999999998
-0.22916666666666607
-0.6874999999999998
-0.7499999999999993
3.3306690738754696e-16
-0.4411764705882337
0.5
0.0
0.0
0.0
0.25
0.33333333333333337
0.0
-0.33333333333333326
0.0
0.0
-0.7254901960784295
0.0
0.0
0.5
0.5
1.1102230246251565e-16
-0.1666666666666663
-0.1666666666666663
-0.09523809523809446
-0.33333333333333304
-0.04545454545454519
-0.25
1.1102230246251565e-16
-0.833333333333333
0.25
0.6666666666666667
0.6666666666666667
0.6666666666666667
-0.8000000000000005
1.1102230246251565e-16
-1.1000000000000005
-0.8500000000000001
1.1102230246251565e-16
-1.35
-0.19999999999999996
-0.19999999999999996
-0.6000000000000001
-0.30000000000000027
-0.8333333333333335
-0.9333333333333331
-0.33333333333333326
0.25
0.5
-0.6428571428571423
2.220446049250313e-16
-0.1428571428571428
-0.4285714285714284
0.04761904761904778
-0.4285714285714284
2.220446049250313e-16
-0.8333333333333335
0.0
0.0
0.0
0.0
0.10000000000000009
0.5
0.0
0.30000000000000004
-1.0000000000000004
-0.9454545454545458
0.20000000000000007
0.6
1.1102230246251565e-16
0.0
0.0
0.0
0.0
0.0
-0.5
0.125
-0.30303030303030254
0.33333333333333337
0.5
0.1515151515151516
0.0
0.0
-0.6000000000000003
-0.5
-1.125
1.1102230246251565e-16
-1.1666666666666665
1.1102230246251565e-16
1.1102230246251565e-16
1.1102230246251565e-16
1.1102230246251565e-16
0.0
-0.33333333333333326
0.0
0.0
-0.9999999999999998
-0.16666666666666652
-1.0
-0.8333333333333335
0.5
0.33333333333333337
0.0
0.0
0.5
0.10000000000000009
0.0
2.220446049250313e-16
0.0
0.0
0.0
0.0
0.0
-0.4215686274509789
0.0
-0.6666666666666665
-0.9999999999999996
0.0
-0.6666666666666663
0.16666666666666685
1.1102230246251565e-16
-0.49999999999999956
0.0
0.0
0.0
-0.6666666666666665
-0.6363636363636362
-1.1515151515151514
-0.7171717171717176
-1.2272727272727275
-0.8181818181818181
-0.5999999999999999
-1.121212121212121
-0.36363636363636376
-0.5454545454545452
-0.24999999999999978
0.125
-0.3661616161616157
-0.117647058823529
-0.41545893719806726
-0.11111111111111094
-0.9298245614035088
-1.01010101010101
-0.6111111111111109
-0.5555555555555554
-0.8095238095238091
-0.6666666666666665
-0.27777777777777724
0.33333333333333337
0.25
0.0
0.0
0.0
0.0
0.19999999999999996
-0.9333333333333331
0.4
-0.5227272727272725
-0.050000000000000044
-0.19444444444444464
0.33333333333333337
0.0
0.5
-0.75
0.125
-0.125
-0.17500000000000004
-0.38636363636363624
-0.3035714285714284
-0.825
-0.15277777777777746
-0.6666666666666665
0.0
-1.1111111111111112
0.0
-0.8000000000000003
-1.2285714285714286
-0.2666666666666666
-1.28421052631579
-0.5
-0.46666666666666656
-0.8
-0.8
-0.6666666666666667
-0.21428571428571397
-0.25
-0.33333333333333326
-0.25
-0.6111111111111112
-0.49999999999999956
0.0
-0.583333333333333
-0.8333333333333335
-1.0714285714285716
-1.0595238095238098
-1.266666666666667
-1.1999999999999997
-0.6545454545454545
-0.7517241379310335
-0.8
-0.16666666666666652
1.1102230246251565e-16
0.3999999999999999
-1.0
-0.5
-1.0
0.0
0.25
-1.2999999999999998
-0.2982456140350882
-0.04166666666666652
0.0
0.19999999999999996
0.6000000000000001
-0.06666666666666643
0.19999999999999996
0.0
0.0
0.0
0.0
0.0
0.0
0.0
0.0
0.0
-0.6666666666666665
0.0
0.0
-0.5
1.1102230246251565e-16
-0.75
0.0
-0.14285714285714257
-0.2571428571428569
-0.07142857142857117
-0.6190476190476193
-0.714285714285714
-0.714285714285714
-0.714285714285714
0.0
0.16666666666666674
0.16666666666666674
0.5
0.0
0.0
0.0
0.33333333333333337
0.5
-1.0
-0.06666666666666643
0.33333333333333337
-0.16666666666666652
0.0
0.0
0.0
-0.5
0.6000000000000001
-0.08333333333333326
-0.08333333333333326
0.75
0.0
-0.9393939393939372
0.0
0.0
0.0
0.0
-0.3999999999999997
0.33333333333333337
0.0
0.0
-0.16666666666666652
-0.33333333333333304
-0.583333333333333
0.33333333333333337
-0.9333333333333331
0.33333333333333337
0.0
0.0
0.0
-0.07142857142857117
-0.39285714285714257
-1.366459627329192
-1.0476190476190474
-0.9285714285714284
-0.9047619047619047
-0.714285714285714
0.0
-0.33333333333333326
0.0
-0.571428571428571
-0.8571428571428568
-0.6666666666666665
0.0
0.0
0.33333333333333337
0.5
0.0
0.0
2.220446049250313e-16
-0.3125
-0.2857142857142856
0.0
0.0
0.11904761904761929
0.11904761904761929
-1.0476190476190474
-0.23809523809523814
0.14285714285714313
-1.0476190476190474
-0.23809523809523792
0.0
0.0
0.045454545454545414
0.5454545454545454
0.4545454545454545
0.022727272727272596
0.16363636363636358
0.5324675324675325
0.12121212121212133
0.2941176470588234
0.534090909090909
0.4545454545454545
0.40909090909090895
0.0
0.0
0.0
-0.9047619047619047
0.33333333333333337
0.40000000000000013
-0.1666666666666663
0.5000000000000001
-0.1666666666666663
-0.06666666666666643
-0.44444444444444464
0.0
-0.6666666666666665
1.1102230246251565e-16
0.33333333333333337
0.0
-0.9333333333333331
-1.0476190476190474
-0.33333333333333326
0.25
0.6666666666666667
0.20000000000000018
1.1102230246251565e-16
0.35714285714285765
-0.6428571428571432
0.3333333333333335
-0.20588235294117618
0.07142857142857162
0.33333333333333337
-0.4642857142857144
-0.44973544973544977
0.1696428571428572
-0.08571428571428563
-0.33189033189033146
0.2142857142857142
-0.10084033613445342
0.0
-1.0555555555555554
2.220446049250313e-16
0.16666666666666685
-0.5
-0.1666666666666663
0.0
0.0
0.3999999999999999
0.0
0.3999999999999999
0.0
0.0
1.1102230246251565e-16
-0.75
0.25
0.0
-0.08333333333333326
0.13333333333333353
-0.5
1.1102230246251565e-16
-0.33333333333333326
0.13333333333333341
1.1102230246251565e-16
-0.30000000000000004
-0.19999999999999973
-0.1777777777777778
0.20000000000000007
-0.05714285714285694
0.4
-0.125
-0.3411764705882354
0.10000000000000009
-0.33333333333333304
0.0
-0.33333333333333326
0.0
0.0
0.0
0.0
-0.9215686274509802
0.33333333333333337
-0.6666666666666665
0.0
-0.33333333333333326
-0.5999999999999999
-0.16666666666666652
-0.6428571428571428
-0.33333333333333304
-0.6388888888888888
0.0
0.33333333333333337
0.5
0.33333333333333337
0.0
-0.40000000000000013
-0.34999999999999987
0.050000000000000044
-0.7625000000000002
-0.3333333333333328
-0.5
2.220446049250313e-16
-0.4999999999999998
0.16666666666666707
-0.5714285714285712
0.33333333333333337
-0.714285714285714
-0.33333333333333326
0.0
0.0
0.0
0.0
0.0
0.0
-0.23737373737373635
0.0
-0.75
-0.75
-1.5277777777777772
-0.5
-0.833333333333333
-0.9999999999999998
-1.1666666666666665
0.33333333333333337
0.5
0.0
-0.6666666666666665
0.0
-0.16666666666666652
-1.1515151515151514
-0.06666666666666643
-0.6666666666666663
-0.4999999999999998
-0.983333333333333
-0.21666666666666634
-0.9523809523809519
0.01666666666666705
-0.21666666666666656
-1.1666666666666665
-0.5833333333333333
-0.016666666666666607
-0.21666666666666656
-0.8611111111111109
0.0
0.0
0.0
0.0
0.0
0.0
0.0
0.0
0.0
-0.8
-0.6000000000000001
-0.8000000000000003
-0.5428571428571427
-0.5000000000000002
0.0
0.5
0.19999999999999996
0.19999999999999996
-0.833333333333333
-0.833333333333333
-0.375
-0.9500000000000002
-0.125
-0.4861111111111107
0.0
0.25
0.07142857142857162
-0.5
-1.166666666666667
-0.5
-0.33333333333333326
-0.9999999999999993
-1.333333333333333
-0.583333333333333
1.1102230246251565e-16
1.1102230246251565e-16
2.220446049250313e-16
0.0
-0.8666666666666665
0.0
0.0
-0.8086956521739124
0.10000000000000009
0.19999999999999996
-0.11666666666666647
0.0
0.0
0.0
0.0
1.1102230246251565e-16
0.33333333333333337
0.6666666666666667
0.33333333333333337
-0.5999999999999996
0.0
0.0
0.5
-0.0714285714285714
0.25
0.25
0.5
0.0
-0.7142857142857142
0.0
-1.1
-1.214285714285714
0.0
0.0
0.0
-0.4545454545454557
1.1102230246251565e-16
0.0
0.0
0.0
-1.0
0.25
0.25
-0.13636363636363624
0.33333333333333337
-0.045454545454545414
-0.1875
0.0
0.0
0.0
0.33333333333333337
-0.739130434782608
0.0
0.0
-0.20000000000000018
-0.033333333333333215
-0.6000000000000001
0.19999999999999996
0.0
-0.21212121212121193
-0.5333333333333332
-0.38095238095238093
-0.583333333333333
-0.25
-0.583333333333333
-0.25
-0.607142857142857
-0.9545454545454521
-0.616666666666666
-0.4166666666666665
-0.44047619047619024
-0.04166666666666652
-0.5833333333333333
0.0
-0.2666666666666664
-0.5217391304347818
0.0
0.0
0.0
-0.2999999999999998
-0.19999999999999973
-0.07499999999999996
-1.1333333333333333
-0.9000000000000004
-0.20000000000000018
-0.46666666666666656
-0.8000000000000005
-0.5411764705882349
0.0
-0.5999999999999999
0.0
0.33333333333333337
0.6666666666666667
0.33333333333333337
-1.047619047619048
-0.9999999999999996
-0.33333333333333326
0.0
0.0
-0.6666666666666667
0.23076923076923095
0.5333333333333334
0.21538461538461573
-1.2315462315462304
0.0769230769230771
0.41176470588235303
0.6000000000000002
-0.38974358974358947
0.1538461538461544
2.220446049250313e-16
0.020512820512820884
0.2905982905982907
0.0
-1.047619047619048
-0.6666666666666665
0.0
0.0
0.0
0.08333333333333348
0.06666666666666665
-1.1458333333333335
0.0
0.0
0.0
1.1102230246251565e-16
0.0
0.0
0.33333333333333337
0.0
0.0
0.0
0.33333333333333337
0.0
0.0
-0.33333333333333326
-0.33333333333333326
0.0
-0.25
0.0
0.5
0.08333333333333337
-0.75
-0.5
-0.7142857142857142
0.0
0.33333333333333337
0.33333333333333337
0.2857142857142857
2.220446049250313e-16
0.30000000000000027
0.08571428571428585
0.4285714285714286
0.2857142857142857
2.220446049250313e-16
0.33333333333333337
0.0
0.33333333333333337
-1.0833333333333335
-0.6666666666666665
0.0
-0.8666666666666663
0.0
0.0
-0.5
0.0
0.0
0.0
0.0
0.0
-0.4999999999999998
-0.3333333333333328
-0.3666666666666669
-0.6666666666666663
0.6666666666666667
-0.3484848484848482
1.1102230246251565e-16
0.0
0.0
2.220446049250313e-16
-0.18333333333333313
-1.1333333333333333
-0.18333333333333313
0.6000000000000001
0.0
0.0
-0.75
0.0
0.0
-0.6666666666666667
0.25
0.5
1.1102230246251565e-16
0.5
0.0
-0.11111111111111072
-1.314285714285714
0.15000000000000002
0.25714285714285734
0.06666666666666676
-0.5384615384615379
1.1102230246251565e-16
0.0
0.0
-0.33333333333333304
-0.33333333333333326
0.0
0.0
0.0
0.0
0.0
0.0
0.3333333333333336
-0.6666666666666665
0.3333333333333335
-0.2777777777777777
-0.3333333333333328
0.5
1.1102230246251565e-16
0.1333333333333333
0.7000000000000001
0.3076923076923077
0.33986928104575154
0.4666666666666668
0.33333333333333315
0.16666666666666674
-0.3650793650793649
0.125
0.16666666666666674
0.125
-0.5
0.0
0.0
0.07142857142857162
0.07142857142857162
-0.5999999999999996
-0.5999999999999999
-0.7254901960784295
0.0
0.33333333333333337
0.5
0.19999999999999996
0.07142857142857162
0.0
0.5
-0.16666666666666652
0.0
0.0
0.0
2.220446049250313e-16
0.0
-0.33333333333333326
0.0
-0.5
0.0
-0.5
0.0
0.0
0.0
-0.6333333333333333
0.0
-0.16666666666666652
-0.4166666666666663
-0.733333333333333
-0.6449275362318834
-0.09523809523809468
-0.3333333333333326
-0.24999999999999933
1.1102230246251565e-16
0.25
-0.22727272727272707
0.25
0.0
0.0
0.0
-0.06666666666666643
0.25
-0.24999999999999978
0.0
0.30000000000000004
0.3392857142857144
-0.39285714285714324
0.3088235294117647
0.75
0.625
0.5
-0.8627450980392157
0.25
0.25
-1.227272727272727
0.0
0.0
1.1102230246251565e-16
0.0
-0.33333333333333326
-0.8333333333333333
-0.5999999999999996
0.0
-1.4444444444444442
-1.3333333333333335
-0.7
-0.19999999999999996
-0.5
0.0
-0.714285714285714
-1.0476190476190474
-1.214285714285714
-0.3928571428571428
-0.47619047619047605
-0.1428571428571428
0.0
-0.9241379310344828
-1.0666666666666664
0.4
0.19999999999999996
0.0
-0.47619047619047605
1.1102230246251565e-16
1.1102230246251565e-16
-0.16666666666666674
0.0
-0.5999999999999996
-0.75
0.0
-0.6666666666666665
-0.5
0.0
-0.49999999999999956
0.25
0.10000000000000009
0.0
0.0
0.0
0.20000000000000018
0.20000000000000018
0.3999999999999999
0.20000000000000018
0.050000000000000044
0.2749999999999999
0.125
0.04166666666666663
-0.050000000000000044
-0.23863636363636376
-0.24999999999999978
-0.825
0.06944444444444464
-0.9772727272727264
-0.9891304347826084
-0.16666666666666674
-0.833333333333333
0.0
-0.33333333333333326
0.16666666666666674
0.0
0.25
0.25
0.0
0.0
-0.6785714285714286
-0.9285714285714286
-0.16666666666666674
-0.09999999999999987
0.08333333333333348
-0.6874999999999996
-0.33333333333333326
0.0
0.0
0.4285714285714286
-0.42857142857142816
0.19327731092436984
0.75
0.7142857142857143
0.5714285714285714
0.0
-0.5999999999999999
0.0
-0.6666666666666665
-0.6666666666666665
-0.6666666666666665
0.0
0.6666666666666667
0.5
0.5
-0.25
-0.7
0.0
1.1102230246251565e-16
0.0
0.0
-0.6666666666666667
0.0
0.0
0.0
-0.33333333333333304
-0.23333333333333317
-0.23333333333333317
-0.2999999999999996
-0.7999999999999996
-0.8666666666666663
-1.1333333333333329
-1.3142857142857132
-0.9809523809523804
-0.23333333333333317
-1.1999999999999993
-1.1999999999999997
-0.983333333333333
-0.33333333333333326
-0.5999999999999999
0.0
0.1403508771929829
-0.3458646616541341
-0.587719298245613
0.1403508771929829
-0.6842105263157885
-0.19078947368420973
-0.03157894736842026
0.1403508771929829
-0.48059542796384713
-0.39473684210526216
-0.3377192982456132
0.1052631578947375
-0.8421052631578934
-0.3070175438596481
-0.15789473684210442
-0.10216718266253833
-0.12280701754385914
0.15789473684210587
0.0
0.0
-0.5
-1.318181818181818
-1.25
0.0
0.0
1.1102230246251565e-16
-0.16666666666666674
0.0
-0.8333333333333335
-0.25
0.0
0.25
0.0
0.0
0.0
0.0
-0.07142857142857117
-0.20000000000000018
-0.25
-0.4166666666666665
-0.5833333333333333
-0.08333333333333348
-0.2916666666666665
1.1102230246251565e-16
-0.23188405797101397
-0.7282608695652162
-0.29813664596273215
-1.3317230273752
-0.7282608695652164
-1.3363844393592657
-1.0592885375494059
-1.115942028985506
-1.072463768115941
-0.9217391304347813
-0.47826086956521596
-1.0043478260869554
-0.6782608695652164
-0.636645962732918
-0.2246376811594195
-0.8043478260869557
-1.0956521739130425
-0.9021739130434772
-0.6521739130434772
0.0
0.0
0.0
0.3999999999999999
-0.25
-0.04999999999999982
0.5
-0.4886363636363631
-0.08333333333333326
0.0
0.125
-0.017857142857142794
-0.28409090909090895
-0.4999999999999998
-0.13333333333333308
0.0
0.0
0.0
0.0
-0.19999999999999996
0.0
-1.3499999999999996
0.0
0.0
0.0
0.0
1.1102230246251565e-16
1.1102230246251565e-16
-0.1666666666666663
-1.1666666666666665
-0.8999999999999997
-0.9999999999999998
-0.636363636363636
1.1102230246251565e-16
-0.33333333333333326
0.33333333333333337
0.0
0.10000000000000009
0.5
0.0
-1.1842105263157898
-0.3999999999999999
-0.875
-0.19999999999999973
0.10000000000000009
-0.30000000000000004
-0.16666666666666652
-0.7500000000000002
-0.3333333333333328
-0.6666666666666663
1.1102230246251565e-16
-0.3333333333333328
-0.6666666666666663
0.0
0.0
0.0
0.0
0.050000000000000044
-0.08333333333333348
-0.25
-0.6626984126984126
-0.0277777777777779
-0.03472222222222232
-0.626262626262625
0.02777777777777768
-0.46666666666666634
-0.898989898989899
-0.5555555555555554
-0.7714285714285709
-0.5
-0.2666666666666664
-0.5217391304347818
0.0
0.0
-0.9393939393939372
0.0
0.5
0.25
0.16666666666666674
0.0
-0.8000000000000007
0.0
0.25
0.05555555555555558
-0.33333333333333326
0.0
0.0
0.0
-0.46666666666666634
-0.19999999999999973
-0.33333333333333326
0.0
-0.7619047619047616
-0.833333333333333
0.0
0.0
-0.904761904761904
-0.3999999999999997
0.0
0.08333333333333348
-0.1499999999999999
0.0
0.0
0.0
0.0
0.0
1.1102230246251565e-16
0.0
1.1102230246251565e-16
0.0
-0.5
-1.2142857142857144
-0.5
0.0
-0.33333333333333326
0.0
0.5
0.0
0.0
0.33333333333333337
0.33333333333333337
-0.33333333333333304
0.0
0.0
-0.9142857142857141
0.13333333333333353
-0.7000000000000002
-0.19999999999999996
0.0
0.0
-0.4545454545454557
1.1102230246251565e-16
-0.07272727272727275
-0.7878787878787858
-0.40000000000000013
-0.30000000000000027
-0.125
0.5
-1.1
0.0
-0.6000000000000001
0.0
0.0
0.0
-0.75
0.0
-0.33333333333333326
0.0
-0.9333333333333331
-0.833333333333333
-0.8333333333333333
0.0
-0.33333333333333326
0.0
0.0
0.0
0.0
-2.220446049250313e-16
-0.8181818181818181
-0.6477272727272729
-2.220446049250313e-16
-0.18181818181818166
-0.7727272727272729
-0.3181818181818181
-0.19696969696969657
-0.625
-0.21212121212121127
7.771561172376096e-16
-0.8636363636363624
-0.5606060606060594
-0.45454545454545325
-0.8181818181818168
-1.3814229249011838
-0.5303030303030292
-0.745454545454544
-1.575757575757574
-0.4220779220779207
-0.727272727272726
-0.3484848484848475
-1.15151515151515
-1.2424242424242404
-0.8181818181818168
-0.8181818181818168
-0.3636363636363624
-0.4545454545454535
0.33333333333333337
0.33333333333333337
0.0
0.10000000000000009
0.5
0.33333333333333337
-0.125
-0.862745098039214
-0.2142857142857142
-0.33333333333333304
-0.6666666666666663
-0.8888888888888886
-0.8571428571428581
-0.860028860028861
-0.9523809523809523
-0.9285714285714284
-0.24999999999999978
-0.7941176470588218
-0.6458333333333335
-0.3809523809523807
-0.16666666666666652
0.25
0.07142857142857162
0.0
-0.33333333333333326
0.0
0.0
0.0
-0.9333333333333331
0.0
0.43333333333333324
0.19999999999999996
0.19999999999999996
-0.19999999999999996
-1.1333333333333337
-1.0701754385964914
-0.3999999999999997
0.0
0.0
0.4666666666666668
-0.1333333333333333
0.7142857142857144
0.05555555555555558
0.2857142857142859
-0.33333333333333326
0.0
0.0
0.0
0.0
-0.1499999999999999
-0.7
-0.1499999999999999
0.0
-0.33333333333333304
-0.8333333333333333
-0.2222222222222221
-1.2777777777777777
-1.3809523809523814
-0.9999999999999998
-0.8888888888888888
-0.08333333333333326
-0.11111111111111116
-0.9555555555555555
0.0
0.0
-0.2999999999999998
0.25
0.0
0.0
0.0
-0.6666666666666663
-0.545454545454545
-0.33333333333333326
0.25
0.5
0.0
0.25
0.0
2.220446049250313e-16
-0.8333333333333335
-1.1111111111111112
-1.0
0.0
-0.6666666666666667
-0.09999999999999987
0.16666666666666663
0.0
-0.4411764705882322
-1.3176470588235265
2.220446049250313e-15
-0.4411764705882324
2.220446049250313e-15
-1.4215686274509762
-0.9607843137254872
-1.3019607843137226
-1.3627450980392122
-1.5574229691876709
-1.0931372549019573
2.220446049250313e-15
-1.7215686274509765
2.220446049250313e-15
2.220446049250313e-15
-0.42156862745097734
2.220446049250313e-15
-0.9607843137254872
2.220446049250313e-15
-0.8039215686274468
-1.2913165266106401
-1.039215686274507
2.220446049250313e-15
-1.17647058823529
-0.42156862745097734
-0.9607843137254872
2.220446049250313e-15
-0.4411764705882322
-1.7019607843137217
-0.882352941176467
-1.1519607843137223
-1.225490196078428
-1.4215686274509758
-1.2745098039215645
-1.3308823529411726
-1.1960784313725457
-0.9607843137254874
2.220446049250313e-15
2.220446049250313e-15
2.220446049250313e-15
0.0
0.33333333333333337
0.33333333333333337
-0.5999999999999992
-0.7676767676767637
-0.566666666666666
-0.6666666666666663
-0.5142857142857127
-0.585858585858587
-0.1499999999999999
0.0
-0.5117647058823518
0.33333333333333337
0.19999999999999996
0.3333333333333335
-1.3777777777777778
-0.6000000000000001
0.19999999999999996
0.0
-0.4285714285714284
0.6666666666666667
-0.5999999999999999
0.2333333333333335
0.16666666666666685
0.40000000000000013
-0.08333333333333304
0.0
-0.8333333333333333
-0.25
-1.0
-0.5
0.0
0.0
2.220446049250313e-16
2.220446049250313e-16
-0.33333333333333326
0.0
0.0
0.2500000000000002
-0.08333333333333326
-0.2999999999999998
-1.1
-0.40000000000000013
0.0
-0.7777777777777775
0.0
-0.8000000000000005
-0.8000000000000003
0.0
0.0
-0.75
-0.33333333333333326
0.0
-0.8333333333333333
-0.5
-0.16666666666666674
0.33333333333333337
0.0
0.0
0.0
-0.5
-0.6000000000000001
0.3333333333333335
-1.1357142857142852
-0.3904761904761902
-1.1959595959595961
-0.07450980392156814
0.3215686274509806
0.40000000000000013
-0.4333333333333329
0.03333333333333344
0.20000000000000018
-0.0615384615384611
0.13333333333333353
2.220446049250313e-16
0.0
-1.0
0.0
-0.7777777777777777
-0.8958333333333335
-0.6666666666666665
0.05555555555555536
0.05555555555555536
-0.33333333333333326
0.0
0.3333333333333335
0.20000000000000018
0.4666666666666668
0.7058823529411766
0.8
-0.2999999999999998
0.3666666666666669
0.3333333333333335
-0.025641025641025106
0.20000000000000018
0.17777777777777815
-0.4190476190476182
0.0
0.0
-1.3047619047619046
-0.6666666666666659
-0.9333333333333329
2.220446049250313e-16
2.220446049250313e-16
-0.7333333333333327
-0.6857142857142853
-1.0666666666666664
-1.0666666666666664
-0.4952380952380948
-0.33333333333333304
-0.9833333333333327
0.0
0.0
-0.8214285714285716
-0.4166666666666665
-0.22222222222222232
-0.4166666666666665
-0.33333333333333304
0.33333333333333337
0.33333333333333337
0.33333333333333337
0.33333333333333337
-0.46969696969697217
0.5
-0.33333333333333326
0.16666666666666674
-0.4999999999999998
0.0
0.0
-0.19999999999999973
-0.704347826086956
2.220446049250313e-16
-0.5999999999999996
-0.8857142857142852
0.03333333333333366
-1.0121212121212113
-0.7999999999999996
0.08333333333333359
-1.1333333333333329
-0.533333333333333
-0.33333333333333326
0.0
0.0
0.0
0.0
0.0
-0.7333333333333334
0.0
-1.2666666666666666
0.19999999999999996
-0.09999999999999987
1.1102230246251565e-16
0.0
0.0
0.0
2.220446049250313e-16
-1.1428571428571428
2.220446049250313e-16
2.220446049250313e-16
-0.714285714285714
0.3333333333333336
-0.20833333333333326
-0.24999999999999978
-0.14583333333333304
-0.16666666666666652
-1.0476190476190474
-0.33333333333333326
0.0
1.1102230246251565e-16
0.33333333333333337
0.6666666666666667
0.33333333333333337
0.0
0.0
0.0
0.0
-0.24999999999999978
-0.44999999999999996
-1.4252873563218391
0.0
-0.9333333333333331
-0.7196969696969695
-0.7619047619047616
-0.08333333333333326
-0.08333333333333326
-0.08333333333333326
0.0
0.0
-1.0
0.25
0.25
0.0
-0.5
0.0
-0.13636363636363646
-0.22727272727272751
-0.13636363636363646
-2.220446049250313e-16
-2.220446049250313e-16
-0.2272727272727273
-0.9772727272727275
-0.27272727272727293
-2.220446049250313e-16
0.0
0.0
0.0
-0.6262626262626263
-0.27272727272727293
-0.7272727272727268
-1.151515151515151
-1.327272727272728
-2.220446049250313e-16
-0.5584415584415585
-0.4675324675324677
-1.1515151515151514
-0.8181818181818181
0.0
0.0
-0.6666666666666665
0.33333333333333337
-0.6666666666666665
0.33333333333333337
0.0
-0.533333333333333
-0.9999999999999996
0.0
0.1904761904761907
-0.4444444444444444
2.220446049250313e-16
-0.3749999999999998
-0.7285714285714284
0.0
2.220446049250313e-16
-0.33333333333333326
0.0
-0.6000000000000001
-0.625
-0.7777777777777777
-0.3999999999999999
0.0
0.0
-0.09999999999999987
-0.16666666666666674
0.33333333333333337
0.33333333333333337
-0.33333333333333326
-0.3999999999999999
-0.9333333333333331
-1.2000000000000006
-0.6000000000000001
-0.9333333333333331
-0.6000000000000001
-0.25
-0.8564814814814816
-0.2132352941176472
-0.12499999999999978
-1.1250000000000004
0.0
-0.5
0.025000000000000244
0.0
0.0
-0.6000000000000001
-0.6000000000000001
0.0
0.0
0.0
0.0
-0.3999999999999999
0.0
-0.75
0.0
0.0
0.0
0.0
0.33333333333333337
0.0
-0.6190476190476186
0.33333333333333337
0.0
-0.5999999999999999
0.0
0.0
-0.7222222222222223
-0.7777777777777779
-1.180555555555555
-0.9444444444444442
-0.05555555555555558
-0.6111111111111107
-0.9444444444444442
-1.2380952380952381
-0.5
-0.9333333333333331
0.0
0.0
0.0
0.6
-0.3999999999999999
0.19999999999999996
0.4
0.0
0.0
-0.14285714285714257
0.07142857142857151
-0.4428571428571426
-0.11688311688311681
0.14285714285714302
0.0
-0.7
-0.33333333333333304
-1.0571428571428574
0.13333333333333341
-0.20000000000000018
0.0
0.0
-0.7857142857142854
0.2500000000000002
0.0
-1.0476190476190474
0.0
0.0
-0.6000000000000001
0.33333333333333337
-0.6666666666666665
0.0
1.1102230246251565e-16
0.0
0.0
0.0
0.33333333333333337
0.33333333333333337
0.0
0.0
0.0
0.0
0.6666666666666667
0.33333333333333337
0.0
0.0
0.0
0.0
0.33333333333333337
0.33333333333333337
1.1102230246251565e-16
0.0
0.0
1.1102230246251565e-16
-0.6666666666666661
-1.2499999999999996
-0.6666666666666663
1.1102230246251565e-16
0.0
-0.4999999999999998
-0.33333333333333304
-1.0980392156862746
-0.8333333333333335
0.25
0.0
0.0
0.0
0.0
-0.1428571428571428
0.0
0.0
-0.6666666666666665
0.0
0.0
0.0
-0.7261904761904743
-1.007142857142855
-0.7142857142857124
-0.9999999999999973
-1.3809523809523787
-0.9285714285714259
-0.6428571428571417
-0.892857142857141
-0.578571428571427
-1.3214285714285694
-0.49999999999999845
-1.1952380952380932
-0.8055555555555536
6.661338147750939e-16
-0.5952380952380931
-0.749999999999998
-0.9285714285714259
-0.6785714285714275
0.0
0.0
0.0
0.0
0.0
0.25
0.0
0.0
0.0
0.0
0.0
0.25
0.0
0.0
-0.5
0.0
0.0
-0.41666666666666674
-0.4999999999999998
-0.3333333333333328
0.0
-0.33333333333333326
-0.5833333333333333
-1.1
-0.5
0.0
0.16666666666666652
-0.19999999999999996
0.0
0.06666666666666687
0.0
0.0
0.0
-0.9797979797979777
-0.16666666666666652
-0.33333333333333326
2.220446049250313e-16
2.220446049250313e-16
-0.714285714285714
-0.4285714285714286
-0.833333333333333
0.0
0.0
-0.833333333333333
-0.16666666666666652
0.0
-0.1666666666666663
-0.033333333333333215
-0.6666666666666663
0.5
0.0
-0.8571428571428568
0.0
0.0
0.0
0.0
0.0
-0.25
0.5
0.0
0.0
-0.33333333333333304
0.33333333333333337
0.33333333333333337
0.5
0.33333333333333337
0.40000000000000013
0.0
-0.21428571428571375
-1.333333333333334
-1.2222222222222214
-0.33333333333333304
-0.5833333333333326
0.0
0.0
-0.9797979797979777
0.0
0.0
0.0
-0.6666666666666665
-0.33333333333333326
0.0
0.0
0.0
-0.13333333333333286
-0.5707070707070696
-0.2777777777777777
0.02380952380952417
-0.1274509803921564
-0.4608695652173911
0.033333333333333215
0.6000000000000001
0.0
0.0
-0.5
0.0
0.0
-0.022727272727272707
0.16666666666666674
0.25
0.08333333333333337
0.0
0.0
-0.33333333333333326
-0.5
0.0
0.0
-0.5357142857142856
-0.4285714285714284
-1.2597402597402594
-1.0982142857142856
-0.7857142857142851
-0.9732142857142856
0.0
0.25
0.25
0.0
1.1102230246251565e-16
-0.49999999999999956
3.3306690738754696e-16
0.0
0.10000000000000009
0.33333333333333337
0.0
0.25
0.25
0.0
0.25
-0.5959595959595954
-0.07142857142857117
-0.08571428571428541
-0.45378151260504085
-0.2857142857142858
-1.214285714285714
0.0
0.19999999999999996
2.220446049250313e-16
0.5
0.20000000000000018
0.0
0.0
-0.49999999999999956
-0.33333333333333304
-0.19999999999999996
0.0
1.1102230246251565e-16
-0.20454545454545459
-0.8787878787878789
-0.696969696969697
-0.8727272727272728
-0.5170454545454548
-0.4545454545454546
-0.7636363636363637
-0.7045454545454544
-0.5454545454545454
-1.0909090909090908
-0.9000000000000004
-0.6823529411764704
0.0
-0.20000000000000018
-0.7076923076923076
-0.5
0.0
0.0
0.0
0.0
0.0
0.0
-0.6000000000000001
0.5
0.5
0.0
-0.33333333333333326
-0.32499999999999996
0.0
0.0
0.3500000000000001
0.30000000000000004
0.0
-0.33333333333333326
0.0
-0.5999999999999999
-0.1499999999999999
-0.1499999999999999
1.1102230246251565e-16
0.25
0.05555555555555558
-0.6666666666666661
-0.41269841269841256
0.0
-0.30555555555555536
-0.7777777777777777
0.0
0.0
0.0
0.0
0.40000000000000013
0.0
0.0
0.0
0.0
-0.75
-0.9848484848484844
0.16666666666666685
-1.0632183908045976
-0.7777777777777772
0.16666666666666696
-0.30000000000000004
-0.08333333333333326
1.1102230246251565e-16
2.220446049250313e-16
0.3333333333333335
0.03571428571428581
-0.1428571428571428
-0.4285714285714284
-0.2285714285714282
2.220446049250313e-16
0.0
-0.6666666666666667
-0.3999999999999999
0.0
-0.16666666666666652
0.0
0.0
-1.1515151515151514
0.0
0.0
-1.1470588235294117
1.1102230246251565e-16
-0.2999999999999998
-0.3999999999999999
-0.7000000000000002
1.1102230246251565e-16
1.1102230246251565e-16
0.0555555555555558
-0.13194444444444375
-0.7222222222222217
-0.46190476190476093
-0.5555555555555554
-0.6565656565656561
-0.8111111111111091
-0.15277777777777746
0.0
-0.40277777777777724
-1.1767676767676751
-0.30718954248365904
3.3306690738754696e-16
-0.38888888888888884
0.0
0.33333333333333337
0.25
0.0
0.0
0.0
0.0
0.0
0.0
-0.09999999999999987
0.0833333333333337
0.2500000000000001
0.08333333333333348
0.5
-0.3627450980392155
0.0
0.0
0.0
0.0
0.33333333333333337
0.6666666666666667
-0.19999999999999996
0.6666666666666667
0.6666666666666667
0.0
0.0
0.20000000000000018
0.20000000000000018
0.19999999999999996
0.0
-1.2666666666666666
0.0
0.0
0.0
0.33333333333333337
0.33333333333333337
0.0
0.0
0.31538461538461515
0.33529411764705874
0.43333333333333335
0.3500000000000003
0.1000000000000002
-0.23333333333333361
0.0
0.0
0.0
0.0
0.0
0.0
0.5
0.0
0.0
0.0
0.0
-0.16666666666666652
0.0
-0.9583333333333333
-0.5833333333333333
-0.7333333333333332
0.0
-0.9285714285714284
-1.083333333333333
-1.2045454545454546
-0.5416666666666665
-0.04166666666666674
-0.16666666666666652
0.1428571428571429
-0.08333333333333326
0.0
0.25
0.0
-0.3125
-0.4999999999999998
-0.5
-0.21428571428571375
-0.30952380952380953
-0.7922077922077919
-0.357142857142857
-0.34065934065934034
-0.32380952380952355
0.0
0.0
0.08333333333333337
0.25
0.0
0.0
-0.6666666666666665
-0.8529411764705876
0.0
0.0
2.220446049250313e-16
-0.13333333333333286
-0.5707070707070696
-0.2777777777777777
0.02380952380952417
-0.1274509803921564
-0.5
-0.5
-1.0
0.0
0.0
0.0
0.0
1.1102230246251565e-16
-0.5
0.0
0.0
0.0
0.0
0.0
0.0
0.0
0.0
0.08333333333333348
0.0
-0.06666666666666643
-0.6666666666666665
-0.5
0.0
0.33333333333333337
0.07142857142857162
-0.5
-0.08333333333333326
0.25
0.5
0.33333333333333337
0.0
-1.0505050505050488
-0.4040404040404044
-0.6363636363636369
-0.6742424242424241
-0.6090909090909091
-0.5590909090909097
-0.2727272727272725
0.0
-0.8787878787878789
0.06060606060606033
-0.5454545454545456
-0.929292929292928
-0.7058823529411766
-0.46666666666666723
-0.75
0.06060606060606033
-0.3681818181818186
-2.220446049250313e-16
-0.4545454545454546
0.0
-0.31481481481481355
-0.924867724867724
-0.7542087542087521
-0.8540305010893228
-0.9498910675381251
-1.3614303959131533
-0.4925925925925907
-0.44444444444444287
-0.8148148148148133
-1.3783068783068781
-0.7453703703703687
-0.31481481481481355
-0.7777777777777757
-0.9202279202279189
-0.8888888888888871
-1.2659932659932656
-0.6574074074074063
-0.8485838779956418
-0.32592592592592506
-0.3333333333333315
-0.5333333333333319
9.992007221626409e-16
-0.5999999999999999
0.0
0.0
0.0
0.0
0.0
0.0
-0.5999999999999999
-0.75
0.0
-0.9797979797979808
0.0
0.0
0.0
0.0
0.0
-0.75
2.220446049250313e-16
-0.4999999999999998
0.0
0.11111111111111094
0.125
0.0
0.0
0.0
-0.16666666666666652
-0.33333333333333304
0.0
0.0
0.0
0.0
0.0
0.055555555555556024
-1.3666666666666667
0.20833333333333348
0.2666666666666667
-0.28333333333333344
-0.45238095238095233
0.16666666666666663
0.33333333333333337
0.0
-0.08333333333333304
-0.39285714285714324
0.16176470588235303
0.0
-0.6000000000000001
-1.1
-1.0999999999999996
0.0
0.0
-0.16666666666666652
-0.33333333333333326
0.20000000000000007
-0.6857142857142857
-0.09999999999999987
0.08333333333333337
0.08333333333333348
0.3999999999999999
0.0
0.0
0.0
-0.575
-0.625
0.125
0.0
0.33333333333333337
0.5
-0.5
0.0
-0.8666666666666671
-0.8000000000000003
-1.1000000000000005
0.0
-0.9047619047619047
-1.0952380952380945
-0.9166666666666665
1.1102230246251565e-16
1.1102230246251565e-16
-0.020833333333333037
-0.43333333333333357
0.08333333333333326
0.2833333333333333
-0.16666666666666652
-0.08333333333333326
-0.8333333333333333
0.0
-1.0454545454545454
-0.09999999999999987
0.09411764705882386
-0.3666666666666665
0.03333333333333344
-0.1333333333333333
-0.6666666666666663
-1.2888888888888874
-0.6249999999999998
-0.4500000000000002
0.0
0.6666666666666667
0.5
0.16666666666666685
-1.043103448275862
-0.4375
-0.583333333333333
0.0
-0.5
-0.25
1.1102230246251565e-16
0.16666666666666674
0.23809523809523814
-0.6666666666666665
0.0
-0.33333333333333326
0.25
0.0
-1.4130434782608692
0.0
-0.16666666666666652
-0.16666666666666652
-0.33333333333333326
0.0
2.220446049250313e-16
-0.5
-0.30952380952380887
0.3333333333333335
-0.8333333333333335
0.0
-0.33333333333333304
-0.6666666666666667
0.5
0.16666666666666696
0.0
-0.7777777777777777
-1.1111111111111112
-1.2777777777777777
-0.13214285714285645
-0.41964285714285654
-0.45896464646464463
0.18750000000000022
-0.9374999999999998
-0.020833333333332815
0.47916666666666696
-0.22426470588235237
-1.0238095238095228
1.1102230246251565e-16
-0.16666666666666652
1.1102230246251565e-16
-0.2333333333333334
-0.5196078431372546
-0.2666666666666666
0.0
-0.23809523809523814
0.6666666666666667
0.0
-0.06666666666666643
0.0
-1.0
0.5
-0.45454545454545414
-0.5333333333333332
-0.19999999999999996
0.16666666666666685
0.16666666666666674
0.6666666666666667
-0.7499999999999998
0.5
0.5
0.6666666666666667
-0.6666666666666665
-0.5
0.0
2.220446049250313e-16
-0.26923076923076894
0.33333333333333337
-0.7333333333333334
-0.6000000000000001
0.09999999999999998
-0.6000000000000001
-0.7428571428571411
-0.7666666666666673
-1.0
0.0
0.0
1.1102230246251565e-16
0.0
0.0
0.0
0.5
0.25
-0.25
-0.30000000000000004
0.5
-0.20454545454545436
0.20000000000000018
0.8
0.6
0.0
0.0
0.0
0.0
-1.2241379310344813
-0.6428571428571428
-0.6464646464646464
0.0
0.5
-0.55
0.0
-0.8333333333333333
0.0
0.0
0.0
1.1102230246251565e-16
-0.6785714285714282
0.20000000000000007
-1.2777777777777777
-0.33333333333333326
-0.25
0.0
-0.33333333333333304
-0.3999999999999997
0.19999999999999996
-0.33333333333333304
-0.16666666666666652
2.220446049250313e-16
0.0
0.25
0.25
0.33333333333333337
0.5
0.0
-0.8999999999999999
-1.2695652173913041
-0.9333333333333331
-0.7818181818181817
0.0
0.0
-0.375
-0.41666666666666674
-0.24999999999999978
0.0
0.33333333333333337
0.33333333333333337
0.40000000000000013
0.40000000000000013
0.19999999999999996
0.8
-0.06666666666666643
-0.25
-0.8125
-0.4166666666666665
-0.24999999999999956
-1.1988304093567246
6.661338147750939e-16
-1.179673321234119
-0.930921052631577
-1.4368421052631573
-1.4368421052631564
-1.1789473684210519
-0.789473684210525
-0.9342105263157878
-0.18421052631578827
0.5
0.0
0.0
0.0
0.0
-0.5833333333333333
0.0
0.16666666666666674
0.10000000000000009
0.0
0.0
0.0
-0.5999999999999999
0.33333333333333337
0.0
0.0
-0.6000000000000001
-1.0969696969696967
-0.7999999999999996
-0.8666666666666663
-0.7333333333333332
-0.9333333333333327
-0.5499999999999996
-0.8666666666666663
-1.0888888888888881
-0.7166666666666661
-1.1333333333333329
-0.33333333333333304
0.0
0.08333333333333348
0.0
-0.25
-1.0476190476190474
-1.2214452214452196
0.0769230769230772
0.4117647058823529
0.6000000000000001
-0.38717948717948625
0.07692307692307754
-0.07692307692307665
0.17094017094017133
-0.20879120879120916
0.0
0.5
0.25
-0.5
0.0
0.0
-0.7000000000000004
-0.16666666666666652
-1.0
0.25
0.5
-0.33333333333333326
0.0
0.0
1.1102230246251565e-16
0.0
-0.16666666666666674
-0.44444444444444464
-0.9999999999999998
-0.6999999999999995
-0.5
0.0
-0.3571428571428572
-0.5571428571428574
1.1102230246251565e-16
-0.7272727272727271
-0.3939393939393938
-1.0454545454545454
-1.0454545454545454
-0.3181818181818181
-0.8181818181818179
-0.7272727272727273
0.0
-0.33333333333333304
-0.33333333333333304
-0.895833333333333
-0.4999999999999998
1.1102230246251565e-16
0.0
0.0
0.0
0.0
0.0
-1.214285714285714
-0.9285714285714284
2.220446049250313e-16
-0.714285714285714
-1.596638655462185
0.0
0.0
0.0
0.0
-1.3142857142857145
0.0
0.0
0.0
0.0
0.0
-0.5999999999999999
-0.5294117647058822
-0.8333333333333335
0.0
0.0
0.3333333333333335
0.03571428571428581
-0.1428571428571428
-0.4285714285714284
-0.2285714285714282
2.220446049250313e-16
0.0
-0.6666666666666665
0.16666666666666685
-0.6767676767676736
-0.23333333333333295
-0.06666666666666665
0.0
0.0
0.0
0.0
0.0
0.0
-0.16666666666666652
-0.0714285714285714
0.0
0.25
0.25
-0.3333333333333335
0.16666666666666685
-0.16666666666666652
-0.33333333333333326
0.0
0.0
-0.4285714285714284
-0.23809523809523792
-0.714285714285714
-1.214285714285714
1.1102230246251565e-16
-0.5
-0.5
0.0
0.0
-0.33333333333333326
-0.2916666666666665
-0.2666666666666664
0.25
0.20000000000000007
0.30000000000000004
-1.0333333333333337
0.5428571428571429
0.4666666666666667
-0.6666666666666665
0.1444444444444445
0.30000000000000016
0.0
0.0
-0.3666666666666667
-0.2666666666666666
-0.16666666666666652
0.0
2.220446049250313e-16
-0.8333333333333335
-0.33333333333333304
-1.2156862745098036
-0.16666666666666652
0.0
-0.6666666666666665
0.125
-0.5454545454545454
0.0
0.5
0.0
-0.7777777777777775
0.0
0.0
0.0
0.0
0.0
0.0
0.6666666666666667
-0.4500000000000002
-0.25
-0.3333333333333335
0.5
0.0
-0.5
-0.5
-0.33333333333333326
-0.5
-0.33333333333333304
-0.6666666666666665
-0.636363636363636
0.5
0.33333333333333337
-0.33333333333333326
0.0
-0.13333333333333264
-0.5428571428571416
-0.32142857142857006
-0.5714285714285698
-0.4904761904761892
-1.2607142857142835
-0.35714285714285565
0.028571428571428914
-0.31071428571428417
-0.6595238095238081
-0.9249999999999985
-0.23333333333333228
-0.49285714285714066
-0.6571428571428553
-0.7142857142857124
0.20504201680672351
-0.16190476190476089
-0.19999999999999907
-0.6095238095238076
-0.19047619047618936
-0.35714285714285565
0.0
0.0
0.25
0.5
-0.5707070707070696
-0.2777777777777777
0.02380952380952417
-0.1274509803921564
1.1102230246251565e-16
0.0
1.1102230246251565e-16
1.1102230246251565e-16
0.20000000000000018
-1.266666666666667
0.0
-1.1
-1.25
0.0
2.220446049250313e-16
0.16666666666666674
0.0
-0.33333333333333304
-0.9999999999999998
-0.3333333333333328
0.0
0.0
-0.10714285714285698
-1.3809523809523814
-0.2857142857142856
0.0
-0.33333333333333326
0.0
-1.083333333333333
0.0
-0.8333333333333335
-0.33333333333333304
-0.33333333333333304
0.0
0.0
1.1102230246251565e-16
-0.866161616161615
-0.9000000000000001
-0.6470588235294112
-0.6666666666666663
-0.9999999999999998
-0.6666666666666663
-0.3999999999999999
-0.33333333333333304
-1.0
0.0
0.0
-0.8823529411764708
0.0
-0.09999999999999987
0.0
-1.202020202020201
-0.836990595611286
-0.8863636363636365
-0.7532467532467535
-1.0227272727272725
-0.8181818181818181
-0.8545454545454549
0.33333333333333337
0.33333333333333337
0.0
-0.6666666666666663
0.16666666666666685
-1.2666666666666666
-0.4999999999999998
0.0
0.33333333333333337
-0.708333333333333
-0.75
0.33333333333333337
0.0
-0.8285714285714285
-0.714285714285714
-0.5555555555555558
-0.16666666666666652
0.5
0.10000000000000009
0.0
-0.5
0.0
-1.0374999999999996
-0.6285714285714283
-0.9000000000000004
-0.5
0.20000000000000007
0.5
0.19047619047619047
0.6666666666666667
1.9984014443252818e-15
0.0
-0.841269841269841
-0.44444444444444464
-0.9166666666666667
-0.9305555555555554
-0.6444444444444442
0.0
0.0
0.5
0.33333333333333337
-0.44999999999999996
-0.25
0.16666666666666674
1.1102230246251565e-16
0.0
0.0
0.0
0.025000000000000133
-0.6000000000000001
0.33333333333333337
0.025000000000000133
-0.3999999999999999
-0.33333333333333326
0.0
0.0
0.30000000000000004
-0.3382352941176472
2.220446049250313e-16
0.5
-1.418181818181818
0.0
0.0
0.0
-0.375
-0.09999999999999987
0.3571428571428572
0.5
0.0
0.0
0.5
0.5
-0.6666666666666665
-0.33333333333333326
0.0
-0.25
-0.33333333333333326
-0.5999999999999999
-1.1515151515151514
0.0
0.33333333333333337
-0.33333333333333304
0.33333333333333337
0.0
0.0
0.2500000000000002
-0.16666666666666652
-0.25
-0.33333333333333326
0.0
0.0
0.2500000000000002
-1.3000000000000007
-0.7333333333333332
-0.3999999999999999
-0.3999999999999999
0.0
1.1102230246251565e-16
-0.8188405797101441
-0.5
-0.5
-1.2380952380952372
0.0
0.0
0.20000000000000018
0.20000000000000018
0.19999999999999996
0.0
0.0
-0.6333333333333333
0.0
-0.16666666666666652
-0.571428571428571
-0.9999999999999996
0.0
0.0
0.33333333333333337
0.0
0.0
1.1102230246251565e-16
-0.503607503607503
-0.21428571428571397
-0.3142857142857143
0.023809523809523947
-0.504201680672268
-0.27142857142857135
0.0
0.0
-0.9166666666666665
0.25
0.0
0.0
0.0
-0.6666666666666665
-0.33333333333333326
-0.7142857142857142
-0.49999999999999956
-0.6666666666666665
-0.5
0.0
0.0
0.0
0.0
0.16666666666666663
0.0
0.0
0.0
-1.1904761904761898
1.1102230246251565e-16
-0.33333333333333304
0.0
0.5
0.0
-0.40000000000000013
-0.08571428571428541
-0.1333333333333333
0.0
0.0
0.3333333333333335
0.0
0.0
0.0
-0.5
0.0
0.0
0.0
-0.9999999999999996
-0.19047619047619002
-0.16666666666666652
-0.13333333333333308
1.1102230246251565e-16
-0.33333333333333304
-0.8333333333333333
0.0
-0.33333333333333326
-0.5
0.0
0.0
0.0
0.0
0.0
0.0
0.25
0.5
0.25
0.0
-0.40000000000000013
-1.0166666666666666
-0.42500000000000004
-0.3666666666666665
1.1102230246251565e-16
-0.11111111111111116
0.16666666666666674
-0.19999999999999973
-0.5476190476190477
-0.45714285714285685
-0.4166666666666665
-0.5952380952380951
-0.41428571428571415
-0.4285714285714284
-0.75
0.0
0.0
0.0
0.0
0.0
-0.3666666666666667
-1.166666666666667
1.1102230246251565e-16
0.0
-0.9333333333333333
0.125
-1.125
-0.375
-1.083333333333333
-0.25
-0.5
-1.4797979797979766
-0.4166666666666665
-0.3999999999999999
-0.3999999999999999
-0.39285714285714235
-0.08333333333333326
0.25
-1.0
-1.3461538461538463
-0.5
-0.4696969696969695
-1.5494949494949468
-0.45454545454545325
-0.5984848484848471
-1.2727272727272707
-0.6666666666666665
1.887379141862766e-15
-0.9292929292929277
-1.338383838383837
1.887379141862766e-15
-0.6830808080808057
-0.7636363636363621
-0.9494949494949494
-0.3636363636363631
-0.439393939393939
-0.5858585858585847
-0.7676767676767651
1.887379141862766e-15
-0.8282828282828265
-0.6540404040404022
-0.6767676767676758
-0.9797979797979797
-0.9523809523809517
-0.6747474747474749
-0.9464646464646456
-0.6666666666666654
-1.264646464646464
-1.0984848484848477
-0.42929292929292817
-1.2121212121212106
-0.47348484848484795
-1.1454545454545442
-0.8686868686868676
-0.8282828282828267
-0.789321789321787
-0.3939393939393929
-0.7979797979797973
-1.313131313131311
-1.0959595959595947
-0.7095959595959591
-0.5050505050505043
-0.724747474747474
-1.0656565656565635
-0.9797979797979797
-0.7474747474747445
-0.45454545454545325
-0.7272727272727257
-0.9393939393939392
-0.3838383838383832
-1.3989898989898975
-1.1212121212121193
-0.7853535353535337
-1.138888888888887
-0.33333333333333304
-0.5
-0.4047619047619053
0.0
-0.6000000000000001
-0.9827586206896541
-0.8333333333333333
-1.0999999999999988
-0.4920634920634914
5.551115123125783e-16
-0.1666666666666663
-0.6904761904761898
-1.222222222222221
-0.7777777777777768
-0.6904761904761898
-0.694444444444444
1.1102230246251565e-16
0.0
0.0
-0.6000000000000001
-0.3666666666666667
0.6000000000000001
0.40000000000000013
0.33333333333333337
-0.75
-0.08888888888888857
-0.44999999999999973
-0.5
0.20000000000000007
0.25
-0.33333333333333304
1.1102230246251565e-16
0.33333333333333337
0.0
0.0
-0.5
-0.7142857142857142
-0.33333333333333304
-0.6666666666666663
-0.6666666666666663
-0.44444444444444464
-0.3809523809523807
-0.6666666666666665
-0.16666666666666652
0.0
0.33333333333333337
-0.7931034482758612
-0.625
0.25
0.0
0.0
0.0
-0.3999999999999999
-0.05714285714285694
0.19999999999999996
0.0
-0.7619047619047616
0.19047619047619047
-0.4285714285714284
0.0
0.33333333333333337
0.0
0.0
0.0
0.0
0.0
0.0
0.4750000000000001
-0.45833333333333304
0.125
-0.25
-0.9333333333333331
-0.9333333333333333
-1.0749999999999997
-1.0125000000000002
-0.25
0.0
1.1102230246251565e-16
-0.6000000000000001
-0.5352941176470587
0.33333333333333337
0.0
0.0
-0.4444444444444442
0.0
0.3333333333333335
0.0
-0.5
0.0
0.0
0.0
-0.5
-0.33333333333333304
-0.758620689655173
0.0
-0.5999999999999999
-0.6666666666666663
-0.6666666666666663
0.0
0.0
0.0
0.0
0.0
0.0
0.0
0.5
0.25
0.0
0.0
0.0
0.0
-0.33333333333333326
0.2083333333333336
-1.0625
-0.16666666666666674
-0.16666666666666607
0.10000000000000009
0.33333333333333337
0.0
-0.25
-0.25
0.19999999999999996
0.0
0.19999999999999996
0.20000000000000007
0.0
0.0
0.0
0.0
0.10000000000000009
-0.5999999999999999
-0.34285714285714297
0.23529411764705888
0.0
0.3999999999999999
0.09999999999999987
0.0
0.0
0.0
0.0
0.25
0.0
0.0
0.0
-0.5357142857142856
0.0
0.0
0.33333333333333337
0.5
0.0
0.5
0.4285714285714287
0.3333333333333336
-0.24242424242424243
0.0
0.0
-0.3333333333333335
1.1102230246251565e-16
-0.08333333333333304
1.1102230246251565e-16
2.220446049250313e-16
0.0
0.40000000000000013
0.20000000000000018
-1.1111111111111112
0.0
0.2274509803921575
-0.705882352941176
-0.38235294117647034
-0.02450980392156832
-0.041176470588234704
0.026143790849673776
-1.34705882352941
-0.593837535014005
1.1102230246251565e-16
-0.75
0.0
-0.25
0.33333333333333337
0.25
-0.5
0.25
0.25
0.0
0.0
-1.0
-0.44999999999999973
-0.75
0.0
0.0
0.25
-0.25
0.20833333333333348
0.07499999999999996
0.20833333333333348
0.27500000000000013
-0.7000000000000002
-0.25
0.0
0.3333333333333335
-0.033333333333333215
-1.2142857142857144
2.220446049250313e-16
-1.2142857142857144
-1.3809523809523814
0.6666666666666667
-0.33333333333333326
-0.030303030303030276
-0.8863636363636367
-1.3181818181818188
-0.045454545454545414
-0.45454545454545436
-0.8863636363636365
-0.9999999999999996
-1.1517241379310348
-0.41428571428571437
-0.2333333333333334
-0.033333333333333215
-0.6571428571428575
-1.1333333333333337
-0.6000000000000003
-0.6571428571428575
-1.3250000000000002
0.0
-0.16666666666666652
-0.533333333333333
1.1102230246251565e-16
-0.3999999999999999
-0.6666666666666663
-1.1999999999999993
0.0
0.75
0.5
0.0
0.0
-0.022222222222222143
0.08571428571428585
0.0
0.19999999999999996
0.0
0.7019607843137257
-0.3843137254901954
0.014705882352941457
0.30392156862745134
0.23529411764705888
0.0784313725490201
-0.36414565826330403
0.0
0.16666666666666674
0.0
-0.5862068965517249
-0.8333333333333335
-0.8333333333333335
0.0
0.0
0.0
0.0
0.33333333333333337
-0.19999999999999973
0.0
0.0
0.0
-1.0
-0.375
-0.7083333333333333
-0.24999999999999978
-0.5
-0.2916666666666665
0.0
0.20000000000000007
-0.9130434782608683
-0.9130434782608683
5.551115123125783e-16
-0.9420289855072452
-0.9420289855072452
-0.8695652173913029
-0.5217391304347816
-1.4057971014492745
-0.8260869565217379
-0.7391304347826078
-0.7717391304347816
-1.3260869565217384
0.5
0.5
0.10000000000000009
0.33333333333333337
-0.8103448275862053
-0.5747126436781593
-1.4597701149425268
-0.8987068965517226
-0.9802955665024615
-1.3275862068965507
-1.0086206896551713
-0.4482758620689644
-1.0383141762452093
-1.425287356321837
-0.9310344827586199
-0.6551724137931021
-0.4597701149425273
0.0
0.0
0.5
0.0
0.0
-0.5
1.1102230246251565e-16
-0.16666666666666652
-0.666666666666667
-0.5
0.0
0.33333333333333337
0.3333333333333335
0.0
0.0
-0.20833333333333326
0.0
-1.1212121212121207
-0.3921568627450973
0.0
0.22222222222222243
0.0
0.0
0.0
0.33333333333333337
0.0
0.0
0.0
-0.714285714285714
-1.4285714285714284
-1.2285714285714286
2.220446049250313e-16
1.1102230246251565e-16
0.0
0.33333333333333337
-0.3666666666666667
0.0
0.0
-0.5999999999999999
-0.7454545454545451
-0.2500000000000002
-0.16666666666666652
-0.1499999999999999
-1.2666666666666666
-0.5
-0.6666666666666665
-0.7428571428571427
-0.33333333333333326
-0.7142857142857142
-0.5833333333333333
0.2857142857142858
0.0
0.25
0.3999999999999999
0.34999999999999987
0.09999999999999998
-0.5
-0.636363636363636
-1.0
0.0
-1.1428571428571428
-0.48571428571428577
2.220446049250313e-16
2.220446049250313e-16
-0.5714285714285712
2.220446049250313e-16
-0.6285714285714283
0.0
-1.4181818181818184
-0.20000000000000018
0.0
0.0
-0.33333333333333326
0.5
0.33333333333333337
0.25
0.5
-1.1
-0.33333333333333326
-0.3333333333333335
0.19047619047619058
0.33333333333333337
0.33333333333333337
0.5714285714285716
0.3333333333333335
0.40000000000000013
0.3999999999999999
0.0
-0.36666666666666625
0.43333333333333357
0.3333333333333335
-0.02564102564102555
0.2000000000000004
-0.28571428571428514
0.33333333333333337
-0.8333333333333333
0.25
0.0
0.5
0.0
0.5
0.2857142857142858
0.0
0.4642857142857144
0.0
1.1102230246251565e-16
1.1102230246251565e-16
0.16666666666666674
0.33333333333333337
0.0
-0.125
-0.75
0.0
-0.09999999999999987
-0.2909090909090908
-1.4000000000000004
0.3333333333333335
0.125
0.0
-0.8823529411764708
-0.6666666666666667
-0.33333333333333326
0.0
-0.9952380952380961
-0.714285714285714
-0.7857142857142856
-0.9285714285714284
0.0
0.0
0.0
0.0
0.0
0.0
0.0
0.0
-0.08333333333333326
-0.4807692307692306
0.5
0.33333333333333337
0.5
0.0
-0.16666666666666652
0.0
0.33333333333333337
-0.5833333333333333
-0.6785714285714286
-0.714285714285714
-0.33333333333333326
-1.1111111111111112
-0.19444444444444464
-1.0444444444444443
-0.7676767676767677
0.25
0.25
0.25
-0.5
0.0
0.0
0.09999999999999998
2.220446049250313e-16
-0.7636363636363637
-0.3999999999999999
-0.2666666666666666
0.0
-0.7
-0.3999999999999999
-0.30000000000000027
0.8
0.0
0.0
0.0
-0.25
0.0
-1.1111111111111112
0.0
0.0
0.0
0.0
0.0
-0.33333333333333304
-0.8333333333333333
0.0
-0.33333333333333326
0.0
2.220446049250313e-16
0.0
-1.1875
0.10000000000000009
0.0
-0.33333333333333326
0.0
-0.13333333333333308
-0.9333333333333331
-1.0444444444444447
0.13888888888888895
-0.19999999999999973
-1.5142857142857142
2.220446049250313e-16
2.220446049250313e-16
2.220446049250313e-16
-0.33333333333333326
-0.33333333333333304
-0.6666666666666665
0.0
0.0
-1.3181818181818183
0.0
0.0
-0.16666666666666652
-1.5238095238095233
-0.28571428571428537
-0.6999999999999993
-0.8571428571428563
-1.1142857142857134
-0.7142857142857135
-0.571428571428571
3.3306690738754696e-16
-0.8333333333333333
0.0
-0.4166666666666665
0.0
0.0
0.5
-0.5
-0.5
-0.6666666666666665
-0.4444444444444444
0.0
-0.8666666666666663
-0.6000000000000001
-0.733333333333333
-1.1285714285714286
-0.2857142857142856
0.0
0.0
-0.4285714285714284
0.6666666666666667
-0.1875
0.0
-0.33333333333333326
0.0
-0.33333333333333326
0.0
2.220446049250313e-16
2.220446049250313e-16
0.0
0.0
0.0
-0.6000000000000001
-0.20000000000000018
0.25
0.0
0.25
-0.5
0.25
0.0
0.0
0.5
0.0
-0.6666666666666665
-0.8
1.1102230246251565e-16
-1.5416666666666665
0.0
-0.75
2.220446049250313e-16
-0.5
-1.1666666666666665
0.25
0.0
-0.5999999999999999
1.1102230246251565e-16
-0.41071428571428537
-0.37499999999999933
-0.9624999999999997
-1.3214285714285703
-0.9374999999999996
-0.7999999999999996
-0.8749999999999993
-0.9999999999999996
-1.2380952380952377
-1.3809523809523805
0.0
0.33333333333333337
-1.2000000000000002
-0.6333333333333333
-0.9333333333333336
0.0
0.0
-0.7142857142857142
-0.5714285714285712
-0.2857142857142856
-0.19047619047619047
0.07142857142857162
0.0
0.0
0.0
-0.3999999999999999
-0.8333333333333333
-0.5
-0.8125
-1.1333333333333333
-1.3000000000000003
-0.2666666666666666
-0.8000000000000005
-0.5
0.0
-0.904761904761904
0.023809523809525057
0.023809523809525057
-0.2100840336134444
-1.2619047619047605
-0.3928571428571417
-0.2857142857142849
7.771561172376096e-16
-1.2380952380952364
0.0
0.0
1.1102230246251565e-16
-0.43137254901960786
0.3333333333333335
-1.333333333333333
1.1102230246251565e-16
0.0
0.0
0.0
-0.16666666666666652
-0.9999999999999996
-0.16666666666666652
0.5
0.5
-0.9047619047619058
0.0
-0.3333333333333335
0.09999999999999998
-0.6666666666666665
-0.26923076923076894
0.5
-0.7777777777777779
-0.26388888888888884
-0.0793650793650793
-0.22222222222222232
-0.5555555555555556
0.0
-0.9696969696969693
0.16666666666666663
0.0
0.0
0.0
0.33333333333333337
-1.2000000000000002
-0.8125
-0.6666666666666663
1.1102230246251565e-16
0.0
0.0
0.0
-0.8
-0.20454545454545459
-0.07142857142857117
0.0
-0.8166666666666653
-0.23333333333333228
-0.8666666666666649
-0.4166666666666661
-0.38333333333333175
-0.3666666666666656
-0.7333333333333321
5.551115123125783e-16
-1.083333333333333
0.0
0.0
0.25
0.25
0.0
0.0
-0.5
-0.7777777777777775
0.0
-0.5357142857142856
0.0
-0.25
0.0
0.0
-0.9523809523809521
-0.2857142857142856
-0.5357142857142856
-0.47619047619047605
-1.2142857142857144
-1.314285714285714
0.0
-0.6666666666666665
-0.8333333333333333
-0.6944444444444444
0.0
-0.3333333333333335
-0.6666666666666667
0.0
-0.25
0.0
0.0
0.0
1.1102230246251565e-16
-0.8888888888888888
0.0
0.05555555555555558
-0.2777777777777779
-0.5
0.0
0.0
0.0
-0.16666666666666652
-0.25
0.0
-0.03571428571428559
-0.11428571428571432
0.07142857142857162
0.6666666666666667
0.40000000000000013
-0.8181818181818179
-1.318181818181818
-1.1515151515151514
-0.5999999999999999
-0.5
-0.16666666666666652
-1.1333333333333333
0.5
0.09523809523809534
0.0
0.0
0.0
0.0
0.0
0.0
0.0
0.0
0.0
0.0
0.0
0.0
0.0
0.0
-0.875
0.0
-1.1
0.20000000000000018
-0.3571428571428572
0.0
-0.5
0.0
-0.02499999999999991
-0.20000000000000018
0.0
0.0
0.0
0.0
0.0
0.33333333333333337
0.16666666666666685
-1.0
0.33333333333333337
0.0
0.0
0.5
0.25
0.0
0.0
0.0
1.1102230246251565e-16
0.0
0.0
-0.6666666666666665
0.0
-0.25
0.0
-0.19999999999999973
-0.5
0.0
0.20000000000000007
-1.2698412698412698
0.11111111111111116
0.10000000000000009
-0.33333333333333326
0.0
-0.5454545454545452
0.16666666666666685
-0.30000000000000004
-0.8000000000000005
1.1102230246251565e-16
-0.30000000000000004
-1.1250000000000004
0.0
0.0
-0.16666666666666652
0.0
-0.9999999999999996
1.1102230246251565e-16
1.1102230246251565e-16
-0.5
0.0
0.0
-0.8166666666666664
0.0
0.0
-1.1
0.0
0.19999999999999996
0.33333333333333337
-0.33333333333333304
-0.33333333333333304
0.0
-0.5444444444444441
-0.5555555555555556
0.08333333333333348
-0.07777777777777772
-0.49206349206349165
0.0
-0.33333333333333326
-0.41666666666666674
0.0
0.40000000000000013
0.20000000000000018
-0.4019607843137243
-0.06666666666666643
0.0
-0.4523809523809521
2.220446049250313e-16
0.33333333333333337
-0.9047619047619047
0.0
0.0
-0.3214285714285712
0.08333333333333348
-0.5999999999999999
0.2500000000000001
-0.25
-0.3125
-0.75
0.0
0.0
-0.33333333333333326
0.5
0.0
0.0
0.0
0.3333333333333335
0.0
0.0
-0.25
0.0
-0.25
0.33333333333333337
-0.19999999999999973
0.33333333333333337
-0.33333333333333304
-0.33333333333333326
0.5
0.40000000000000013
1.1102230246251565e-16
-0.16666666666666652
0.0
-0.33333333333333304
0.08333333333333326
0.04999999999999993
0.08333333333333315
0.0
-0.33333333333333304
0.05882352941176461
-0.18749999999999956
-0.18749999999999956
-1.3499999999999996
-1.270833333333333
-0.9999999999999996
0.0
0.0
0.0
0.10000000000000009
-0.38181818181818183
-0.3333333333333335
-0.24999999999999956
-0.4285714285714284
-1.4642857142857144
2.220446049250313e-16
-0.714285714285714
-0.8181818181818179
-0.9454545454545453
-0.8181818181818181
-1.3181818181818188
-1.2363636363636363
0.0
0.0
0.0
-0.5952380952380945
-0.9999999999999993
-0.5833333333333328
3.3306690738754696e-16
-0.30000000000000004
0.0
-0.4615384615384617
-0.5999999999999999
0.0
-0.30000000000000004
-0.20000000000000018
0.33333333333333337
-0.04999999999999982
-0.8333333333333333
-0.17857142857142838
0.0
-0.5833333333333333
-0.78030303030303
-0.24999999999999978
-1.0256410256410255
-0.7000000000000002
0.16666666666666696
-0.6666666666666663
-1.375
-0.5750000000000002
-0.6666666666666665
-0.6666666666666665
-2.220446049250313e-16
-0.7666666666666664
-0.30147058823529327
0.16666666666666685
0.125
-1.0
-0.06666666666666665
0.050000000000000044
-0.5
-0.7777777777777775
-0.8
0.0
-0.7142857142857142
-0.5
0.0
-1.0
0.19047619047619058
0.0
-0.19999999999999996
-0.3999999999999999
-0.25
-0.12380952380952404
-0.5833333333333333
-0.875
-0.5
0.0
-0.9333333333333331
-0.8000000000000005
0.2857142857142858
0.038961038961039085
0.33333333333333337
-0.375
-0.40000000000000013
-0.35416666666666674
-0.4166666666666665
2.220446049250313e-16
-0.9750000000000001
0.5
0.0
0.0
0.0
0.0
0.0
-0.8999999999999999
-1.208333333333333
0.0
-0.6666666666666665
-0.33333333333333326
0.0
-0.833333333333333
0.0
0.0
-0.533333333333333
-0.04999999999999982
-1.2142857142857144
-1.5128205128205128
3.3306690738754696e-16
-1.2666666666666666
-0.8181818181818181
-1.1515151515151514
-1.1454545454545455
1.1102230246251565e-16
-0.08333333333333304
1.1102230246251565e-16
-0.6499999999999999
-0.7
-0.1666666666666663
-0.3333333333333328
1.1102230246251565e-16
-0.6571428571428575
0.0
-0.33333333333333326
0.0
-0.5384615384615379
1.1102230246251565e-16
-0.3846153846153837
-0.7948717948717945
-0.2692307692307685
-0.8333333333333333
0.0
-1.0
-0.9999999999999996
-0.6666666666666663
-0.4285714285714284
2.220446049250313e-16
2.220446049250313e-16
0.08333333333333348
-1.333333333333333
0.0
0.04761904761904767
0.0
0.3333333333333335
0.16666666666666685
-0.6666666666666663
-0.3666666666666665
0.19999999999999996
-0.8749999999999998
-0.3666666666666667
-0.24999999999999978
-0.40000000000000013
-0.6000000000000001
0.0
-0.3749999999999998
-0.5
-0.16666666666666652
-0.16666666666666607
-1.083333333333333
1.1102230246251565e-16
-0.24999999999999978
-0.6666666666666663
-0.714285714285714
2.220446049250313e-16
-0.25
-0.33333333333333304
1.1102230246251565e-16
-1.1666666666666665
-0.33333333333333304
3.3306690738754696e-16
-0.9999999999999996
0.0
0.0
-0.5
-0.33333333333333326
0.0
0.0
-0.5
1.1102230246251565e-16
-0.6499999999999997
-0.44999999999999996
-0.6428571428571428
-1.5476190476190474
2.220446049250313e-16
2.220446049250313e-16
-0.714285714285714
-0.7196969696969695
-1.3863636363636371
-0.7619047619047619
0.25
-0.1499999999999999
0.11666666666666681
0.08333333333333337
-0.1333333333333333
0.03333333333333344
0.0
-0.09999999999999987
-0.06666666666666643
-0.24999999999999978
-0.657142857142857
-1.1285714285714286
0.20000000000000007
-0.06666666666666665
-0.6666666666666665
0.25
-0.8000000000000005
0.5
-0.75
-1.1666666666666665
-0.7444444444444445
1.1102230246251565e-16
1.1102230246251565e-16
0.0
0.09999999999999998
-0.875
-0.5750000000000002
0.5000000000000001
0.22222222222222232
-0.4285714285714284
0.0
1.1102230246251565e-16
1.1102230246251565e-16
-0.6000000000000001
1.1102230246251565e-16
-0.8000000000000003
-1.0625
-0.5
-0.9999999999999998
-0.625
0.0
0.0
-1.2777777777777772
0.0
0.0
0.25
0.0
0.0
0.0
1.1102230246251565e-16
0.20000000000000018
-1.266666666666667
-0.2794117647058818
-0.466666666666667
-0.7857142857142858
0.050000000000000044
-0.8999999999999997
0.10000000000000009
-0.6923076923076923
-0.533333333333333
-0.19999999999999973
-0.8333333333333333
1.1102230246251565e-16
0.0
-0.8
-1.0666666666666664
-0.7833333333333332
0.19999999999999996
-0.20000000000000018
-0.10416666666666652
-0.04166666666666652
0.0
-0.050000000000000044
-0.21212121212121193
-1.4000000000000004
-0.6500000000000001
-0.3999999999999999
-0.20000000000000018
-0.6000000000000001
0.0
-0.19999999999999996
0.0
0.2500000000000002
-0.24999999999999978
0.0
0.0
-0.24999999999999956
-0.16666666666666674
-0.49999999999999956
0.0
-0.7777777777777777
-0.16666666666666652
-0.33333333333333326
-0.33333333333333304
0.08333333333333337
0.25
-0.33333333333333326
0.08333333333333348
-0.5
-0.3999999999999999
0.19999999999999996
0.25
-1.2647058823529407
-0.6666666666666665
-0.44444444444444464
0.0
0.0
0.0
0.0
0.7142857142857143
0.14285714285714302
0.4285714285714286
0.05555555555555558
0.2857142857142859
-0.75
-0.36029411764705865
-0.40909090909090917
-0.8333333333333333
1.1102230246251565e-16
-0.17435897435897374
-1.1025641025641013
-0.8461538461538449
-1.2666666666666662
0.0
0.25
0.0
0.0
-0.6666666666666665
0.33333333333333337
0.0
-0.33333333333333304
0.0
-1.0823529411764699
-0.7166666666666663
0.0
-1.1555555555555554
0.0
0.33333333333333337
-0.4791666666666665
-0.7857142857142851
-0.3650793650793651
-0.3333333333333335
-0.7936507936507935
0.0
-0.7777777777777777
-0.08333333333333326
-0.08333333333333326
-0.08333333333333326
0.6666666666666667
-0.19999999999999996
-0.6249999999999996
-0.6874999999999998
-0.37499999999999933
0.5873015873015873
-0.7619047619047619
-0.753246753246753
0.0
-0.5
-0.2666666666666664
0.0
0.0
-0.5
0.1071428571428572
0.0
1.1102230246251565e-16
0.33333333333333337
-1.2666666666666666
0.0
0.33333333333333337
-0.1666666666666663
0.0
-0.33333333333333326
0.0
0.0
0.0
0.0
0.05882352941176461
0.2500000000000002
0.19327731092437017
0.09803921568627483
-0.8470588235294114
0.75
0.625
0.7142857142857143
2.220446049250313e-16
0.0
0.5
0.0
-0.5999999999999999
-0.16666666666666652
0.5
0.0
0.0
0.20000000000000007
0.0
-0.6000000000000001
0.0
0.0
0.0
-0.33333333333333326
0.0
0.33333333333333337
0.0
0.25
0.10000000000000009
0.0
-0.44999999999999996
-0.02499999999999969
-0.41071428571428603
-0.125
-0.10000000000000009
-0.23809523809523814
0.08333333333333348
-0.6911764705882331
-0.1274509803921562
-0.14705882352941102
-0.11764705882352877
0.0
0.0
0.0
0.0
-0.33333333333333326
0.0
0.0
0.20000000000000007
-0.8214285714285716
-0.5833333333333333
-0.6666666666666665
-1.1515151515151514
-2.220446049250313e-16
-0.0999999999999992
-0.5499999999999987
-0.25
0.0
-0.06666666666666643
0.29999999999999993
-1.418181818181818
0.33333333333333337
0.0
0.0
0.33333333333333337
0.0
-0.45833333333333326
1.1102230246251565e-16
1.1102230246251565e-16
0.0
0.0
-0.5
0.0
-1.1249999999999996
3.3306690738754696e-16
3.3306690738754696e-16
3.3306690738754696e-16
0.0
0.0
-0.45833333333333304
-0.6249999999999998
0.0
0.0
0.0
0.25
-0.48571428571428443
-0.19999999999999973
-0.16666666666666652
0.0
0.33333333333333337
-0.33333333333333304
-0.6666666666666665
0.0
-0.25
0.07142857142857162
-0.6785714285714284
-0.7142857142857142
0.09999999999999998
-1.0476190476190474
0.40000000000000013
0.0
-0.833333333333333
0.5
0.0
-0.19999999999999973
0.0
0.0
0.0
-0.7777777777777775
-0.625
0.0
0.25
0.20000000000000018
-0.19999999999999996
0.0
0.33333333333333337
-0.16666666666666652
0.5
0.5
0.5
0.0
0.0
1.1102230246251565e-16
0.0
0.0
0.0
0.0
-0.5999999999999999
0.0
0.0
0.0
0.6666666666666667
0.0
-0.8823529411764708
-0.6666666666666661
0.0
0.33333333333333337
0.0
-0.33333333333333304
-0.33333333333333326
0.0
0.25
0.25
0.0
0.0
0.0
0.5
-0.7058823529411755
3.3306690738754696e-16
3.3306690738754696e-16
-0.3235294117647054
3.3306690738754696e-16
0.33333333333333337
0.6
0.25
0.0
0.5
0.0
1.1102230246251565e-16
0.5
0.0
0.0
