0.0
0.2500000000000001
0.33333333333333337
-0.9333333333333331
-0.33333333333333304
0.0
-0.8
0.0
-1.1
-1.523076923076923
0.0
0.19999999999999996
0.5
-0.34285714285714275
0.6
0.30000000000000004
0.33333333333333337
0.33333333333333337
-0.8333333333333333
2.220446049250313e-16
-0.34782608695652173
-0.5833333333333335
-0.40000000000000013
0.0
-0.7333333333333332
-0.8333333333333335
-0.9333333333333331
0.5
0.10000000000000009
-0.5999999999999996
0.0
-0.24999999999999978
0.0
0.25
0.5
0.25
0.5
-0.851351351351354
-0.7954545454545439
-0.19999999999999996
-1.299999999999998
-0.10000000000000009
-0.1333333333333333
-0.19999999999999996
0.4285714285714286
0.5
0.6000000000000001
-0.1071428571428572
-0.5
0.0
-0.9166666666666665
0.0
-0.8285714285714285
0.3333333333333335
0.0
0.19999999999999996
0.19999999999999996
-0.7750000000000004
-0.3999999999999999
-0.733333333333333
-0.30000000000000004
-1.1
0.0
-1.5333333333333332
-0.6857142857142857
-0.19999999999999996
0.0
-0.25
0.0
0.0
-1.3142857142857145
0.3500000000000001
1.1102230246251565e-16
-0.2705882352941178
-0.5636363636363635
0.0
-0.4285714285714286
-0.9004329004328995
0.5714285714285714
-1.083011583011583
0.2142857142857144
-0.03571428571428559
-1.1666666666666665
-0.5
-0.5833333333333333
-0.33333333333333326
0.6666666666666667
0.6000000000000001
0.34999999999999987
0.40000000000000013
0.6000000000000001
-0.4166666666666665
-1.4318181818181812
0.5
0.25
0.0
-0.36842105263157876
0.0
2.220446049250313e-16
-0.19999999999999996
-1.6547619047618989
-1.2222222222222214
-0.033333333333333215
-0.33333333333333304
0.0
-0.8333333333333328
0.0
-0.5
-1.1666666666666665
0.0
-0.08333333333333326
-0.1333333333333333
-0.8444444444444441
-0.11111111111111094
-0.3333333333333335
-0.7777777777777777
-0.3555555555555554
-0.5555555555555556
2.4424906541753444e-15
0.40000000000000013
0.08333333333333348
0.5
-0.625
-0.40384615384615374
-0.42500000000000004
-0.5
-0.2749999999999997
-0.375
-0.125
0.0
-0.6666666666666665
-0.6666666666666665
-0.6666666666666665
-0.875
0.0
0.3500000000000001
0.08333333333333348
-0.6785714285714288
-1.0476190476190474
-0.714285714285714
-0.9285714285714284
-0.714285714285714
-1.314285714285714
-1.2222222222222214
-0.33333333333333304
0.0
0.07142857142857162
0.41666666666666674
-0.4166666666666665
-0.7419354838709671
-0.33333333333333326
0.0
-0.33333333333333326
-0.49122807017543835
-0.2999999999999998
-0.3999999999999997
-0.06666666666666643
0.16666666666666685
0.0
0.33333333333333337
0.33333333333333337
-1.1206896551724133
-0.8333333333333328
-1.5743589743589719
-0.33333333333333304
-0.6666666666666665
-0.5666666666666664
-0.25
-0.16666666666666652
0.0
-0.5999999999999999
-1.6868686868686855
-1.1111111111111112
-0.44444444444444464
-0.6944444444444444
-0.9444444444444442
-0.6944444444444446
-0.44444444444444464
-0.5555555555555556
-0.5555555555555554
-0.4999999999999998
-0.9249999999999987
4.440892098500626e-16
-0.08333333333333326
0.08333333333333348
3.3306690738754696e-16
2.220446049250313e-16
-0.1666666666666663
-0.16666666666666652
0.15000000000000013
0.19999999999999996
0.0
0.3999999999999999
-0.778947368421053
-0.1568627450980391
-0.5595238095238062
0.0
-0.6666666666666665
-0.5
-1.083333333333333
-1.1999999999999997
-0.8999999999999999
-1.297619047619048
-0.7499999999999996
-0.9166666666666665
-1.333333333333333
-0.9166666666666667
-0.4999999999999998
-0.7500000000000002
-0.24999999999999978
-1.0999999999999996
0.5
0.5
0.0277777777777779
0.25
0.0
0.0
-0.5
-0.7999999999999998
-0.7749999999999999
-0.6000000000000003
-0.9714285714285715
-0.7000000000000002
-1.1738095238095188
-0.5999999999999999
-0.8875
-0.5
-0.958333333333333
-0.42857142857142816
-1.475
-1.2666666666666666
-0.20000000000000018
-0.6000000000000001
0.0
0.0
0.33333333333333337
0.3333333333333335
0.33333333333333337
-0.7076923076923078
-0.8000000000000005
1.1102230246251565e-16
-0.5
-0.4999999999999998
-0.30000000000000004
-1.3058823529411772
0.30000000000000004
-0.23333333333333317
-0.9999999999999998
0.0
0.0
-0.3999999999999997
0.0
0.08333333333333348
-1.2559523809523774
-0.8769230769230751
-0.1428571428571428
-1.336134453781511
-0.7285714285714284
-0.7235023041474646
-0.3095238095238093
-0.5714285714285714
-0.6190476190476191
-0.22727272727272707
0.5
0.33333333333333337
-1.3025641025641015
0.33333333333333337
0.05882352941176472
-0.42857142857142394
-1.0833333333333335
-0.533333333333333
-0.33333333333333304
-0.6666666666666665
-0.726190476190476
-0.4166666666666663
0.06666666666666676
-0.583333333333333
-1.1666666666666625
-0.7499999999999998
-0.3928571428571428
-0.4999999999999998
-1.0694444444444438
-0.7333333333333334
-0.72463768115942
0.2777777777777779
-1.1111111111111112
0.05555555555555536
0.05555555555555558
-1.143790849673202
-0.9444444444444446
0.2666666666666667
0.3333333333333335
0.3333333333333335
0.3333333333333335
0.625
0.5000000000000001
-0.5555555555555538
-0.2857142857142856
-0.04761904761904767
0.33333333333333337
0.25
0.0
0.0
0.0
-0.714285714285714
-0.5
-0.8333333333333335
-0.5833333333333333
-0.16666666666666652
0.25
0.3999999999999999
0.25
-0.3999999999999999
-0.16666666666666652
-0.5
-0.5
0.0
0.4285714285714286
0.6000000000000001
0.4750000000000001
0.40000000000000013
-1.047619047619048
0.0
0.0
-0.9375
-0.75
-0.8500000000000003
-0.8500000000000001
-0.833333333333333
-0.6666666666666665
-0.8055555555555538
-1.1499999999999977
-0.6111111111111092
-0.6547619047619031
-1.2499999999999973
-1.361111111111108
-1.0912698412698392
-1.5555555555555518
-0.749999999999998
-0.9444444444444418
-0.2499999999999991
-0.5277777777777763
-0.2222222222222212
-0.7222222222222203
-1.111111111111109
-1.1666666666666643
-1.3888888888888857
-0.6111111111111092
-0.4444444444444431
-1.3055555555555536
-1.349999999999997
-0.8333333333333315
-0.5555555555555542
-1.1166666666666645
-1.0357142857142838
-1.1388888888888866
-1.2499999999999973
-0.9444444444444418
-0.8333333333333313
-0.13888888888888773
-0.583333333333331
-1.1499999999999981
-0.9777777777777761
-0.5793650793650778
-1.5555555555555527
-0.4428571428571426
-0.5000000000000004
-0.5
-0.06666666666666665
-0.15000000000000013
-0.40000000000000013
-0.3999999999999999
0.03333333333333355
-2.220446049250313e-16
-0.7499999999999998
0.4285714285714286
0.5
0.125
-0.940476190476188
-0.1666666666666663
-1.0999999999999996
-0.6458333333333333
-0.833333333333333
0.6666666666666667
0.3333333333333336
0.25
0.5
0.0
-0.33333333333333326
-0.33333333333333326
-0.833333333333333
-0.8181818181818179
-1.4181818181818184
-0.2727272727272725
-1.714733542319749
-0.2727272727272725
-2.220446049250313e-16
-1.5681818181818183
-0.636363636363636
-0.2727272727272725
-0.6727272727272731
-0.2272727272727273
-0.7142857142857131
-0.5857142857142847
-1.1619047619047604
-0.7857142857142845
-0.933333333333332
-1.4047619047619033
-1.5047619047619034
-1.5714285714285698
-0.6904761904761896
-0.8380952380952367
-0.9803921568627436
-0.7738095238095228
-0.5714285714285698
-0.47619047619047494
-0.5059523809523803
-1.065162907268169
-0.5714285714285707
-0.7380952380952372
-0.7809523809523797
-0.33333333333333237
-0.6666666666666656
0.0
-0.3125
0.5
0.0
0.5000000000000001
0.5000000000000001
0.3333333333333336
0.5000000000000001
-0.1666666666666663
-0.5000000000000004
-0.375
-1.0833333333333335
-1.291666666666663
0.0
-0.9375
-0.050000000000000044
-0.3999999999999999
0.0
-0.9821428571428563
-0.875
-0.375
-0.125
-0.375
-0.8461538461538436
-0.3333333333333326
-0.10000000000000009
0.2666666666666667
-0.9999999999999998
-0.4166666666666665
0.5
-0.03571428571428559
0.25
-0.375
-0.03571428571428559
0.5
0.0
-0.75
0.25
0.25
0.5
0.25
-0.3999999999999997
0.33333333333333337
-0.9062499999999991
-0.5937499999999991
-0.12499999999999956
-0.7812499999999991
-0.7045454545454535
-1.1145833333333321
-0.7155448717948694
-0.46874999999999933
-0.4062499999999991
-0.5624999999999991
-0.8437499999999989
-0.46874999999999956
-1.6517857142857135
-0.8437499999999991
-0.46874999999999933
-0.46874999999999933
-0.8455882352941162
-1.0624999999999991
-0.9374999999999991
-0.40624999999999933
-0.5624999999999991
-1.212499999999999
-0.48958333333333237
-0.9187499999999991
-0.4187499999999993
-1.1874999999999991
-0.46874999999999956
7.771561172376096e-16
-1.2395833333333317
-1.2812499999999987
-1.5374999999999988
-0.6857142857142857
0.0
-0.5666666666666667
-0.9333333333333336
-0.9333333333333333
0.5000000000000001
-0.5289855072463763
-0.9761904761904721
0.3333333333333335
0.20000000000000018
1.1102230246251565e-16
-0.3653846153846134
0.16666666666666674
-0.48809523809523725
0.20000000000000018
-0.06666666666666665
1.1102230246251565e-16
-0.833333333333333
-0.2857142857142856
0.33333333333333337
0.0
1.1102230246251565e-16
0.0
-0.7142857142857142
0.5
0.5
-0.4736842105263148
-1.2280701754385954
-0.5789473684210518
-1.2822966507177025
-1.0175438596491215
-0.8596491228070169
-1.2368421052631575
-0.3421052631578936
-0.6541353383458635
-0.7017543859649114
-1.5394736842105248
-1.2982456140350869
-0.23684210526315685
-1.2456140350877178
-1.236842105263157
-0.526315789473683
-0.4824561403508765
-0.6842105263157883
-0.3421052631578938
-0.6666666666666665
1.1102230246251565e-16
-0.9999999999999998
-0.33333333333333304
-0.6666666666666665
-0.7333333333333332
0.3500000000000001
-1.0
0.37142857142857155
-0.30000000000000004
0.25714285714285734
-0.03571428571428559
-0.714285714285714
-0.5357142857142856
-0.2857142857142856
-0.714285714285714
0.1904761904761907
0.19047619047619047
0.5
0.5
0.5
0.08333333333333337
-0.9307692307692277
-0.7000000000000002
-0.8999999999999999
0.0
-0.16666666666666674
0.0
0.045454545454545414
-0.5128205128205106
0.16666666666666685
-0.6666666666666659
-0.5416666666666663
0.16666666666666685
0.0
0.0
-0.09999999999999987
-0.33333333333333326
-0.3333333333333335
-0.8181818181818175
-0.5
-0.16666666666666652
-0.06666666666666643
0.0
0.0
0.3666666666666666
-0.6000000000000001
2.220446049250313e-16
-0.6499999999999999
0.19999999999999996
-0.955555555555555
-0.19444444444444442
-0.698412698412697
-0.4888888888888885
-0.3111111111111111
-0.2222222222222221
-0.7222222222222223
-0.5555555555555554
0.0
0.25
0.0
0.16666666666666674
2.220446049250313e-16
0.5
-0.08333333333333326
0.25
0.09090909090909094
-0.5256410256410222
-0.4166666666666663
-0.7499999999999996
0.125
-0.16666666666666652
-0.39880952380952306
-0.25
-0.90625
0.0
-0.16666666666666674
0.33333333333333337
0.3333333333333335
-0.875
-0.40000000000000013
-0.2666666666666664
-0.5764705882352945
-0.40000000000000013
-0.3999999999999999
-0.06666666666666665
-0.12121212121212044
-0.9279279279279284
0.3333333333333335
0.75
0.3999999999999999
0.25
0.3333333333333335
0.2333333333333335
0.3333333333333336
0.6666666666666667
1.1102230246251565e-16
-0.6499999999999999
-0.5333333333333332
-0.5749999999999997
-0.7384615384615385
-0.33333333333333326
-0.714285714285714
-0.33333333333333326
0.10000000000000009
-0.19999999999999973
0.10000000000000009
-0.9333333333333331
-0.7714285714285714
-0.8214285714285712
-1.1111111111111112
-1.25
-1.083333333333333
-0.9215686274509802
0.0
0.0
-1.407692307692308
-0.5
-0.7045454545454544
-0.8333333333333333
-0.25
-0.7045454545454546
-0.07142857142857117
-0.030303030303030276
-0.4487179487179467
0.08333333333333348
-0.3809523809523805
-0.24999999999999978
0.08333333333333337
-0.9469696969696964
-0.583333333333333
0.08333333333333315
1.1102230246251565e-16
-0.8392857142857097
-0.7499999999999996
-0.33333333333333326
0.08333333333333337
0.0
0.0
-0.7499999999999996
0.7142857142857143
0.10714285714285743
-1.0833333333333295
0.14285714285714302
0.4285714285714286
0.5714285714285714
0.08333333333333348
-1.1071428571428528
0.16666666666666685
0.4666666666666668
-0.5984848484848477
-0.8716216216216233
0.5
-0.75
-0.5499999999999998
-1.405405405405404
-0.8750000000000004
-0.6000000000000005
-0.25
-0.6285714285714286
0.17857142857142871
-0.2857142857142856
0.3035714285714287
-0.896703296703296
-0.5714285714285714
0.3142857142857145
0.0
0.0
-0.6000000000000001
-0.5333333333333332
-0.9333333333333331
-0.7333333333333334
-0.8000000000000007
-0.5999999999999999
-0.8181818181818175
0.75
0.5
0.75
-0.5999999999999996
0.0
1.1102230246251565e-16
0.25
2.220446049250313e-16
0.25
0.6666666666666667
0.33333333333333337
0.0
-0.5
-0.21428571428571397
-0.9345238095238053
0.0
0.13333333333333353
0.33333333333333337
0.6
0.6
0.21818181818181803
-0.16842105263157903
0.3999999999999999
-0.09999999999999987
0.2500000000000001
-1.190476190476185
0.2500000000000001
-0.5833333333333333
-1.1309523809523756
-0.7333333333333332
0.0
-0.3095238095238093
-0.23809523809523814
-0.8202764976958523
-0.9047619047619047
-1.0285714285714285
-0.5952380952380949
-0.8888888888888891
-0.9803921568627452
-0.5
0.16666666666666674
0.25
0.25
0.0
0.33333333333333337
-0.22222222222222232
-1.0871794871794878
-0.43333333333333335
-0.9000000000000004
-0.5333333333333334
-0.7000000000000002
-0.7000000000000004
-1.2999999999999998
-0.19999999999999996
-0.7000000000000002
-1.0147058823529398
-0.25
0.13888888888888895
-0.25
0.33333333333333337
0.33333333333333337
0.6666666666666667
1.1102230246251565e-16
0.0
-0.30000000000000004
-0.3999999999999999
0.3333333333333335
-0.6666666666666665
0.41666666666666685
1.1102230246251565e-16
0.08333333333333359
0.16666666666666674
0.0
-0.36956521739130355
1.1102230246251565e-16
0.08333333333333348
-1.1166666666666676
0.41666666666666674
0.25
0.0
-0.33333333333333326
-0.9999999999999993
-0.9333333333333331
-1.0999999999999996
-0.6666666666666665
-0.9583333333333333
-1.2142857142857135
0.0
-0.8181818181818175
-0.6666666666666667
-1.1
-0.9000000000000004
0.19999999999999996
0.0
0.0
0.0
-1.145833333333333
-0.5
-0.36666666666666625
-0.5555555555555558
-0.33333333333333326
0.0
0.5
-0.19999999999999996
0.5
0.5
-0.34285714285714275
-0.07142857142857117
-0.6666666666666661
-0.9478764478764468
-1.2065934065934059
-0.07142857142857117
0.5
0.5
-0.050000000000000044
0.25
-0.2571428571428569
0.19999999999999996
-1.4421052631578948
-0.5999999999999999
-1.2000000000000002
0.0
-0.459459459459461
-0.19999999999999996
0.5
0.0
0.0
-0.6500000000000001
-0.5
1.1102230246251565e-16
-0.9000000000000001
-0.5
-0.9000000000000004
-1.125
-1.4500000000000002
-1.0
-0.3999999999999999
-0.9714285714285715
-1.2666666666666666
0.0
0.3999999999999999
0.25
0.0
-0.7387387387387407
-0.8871794871794858
-0.708333333333333
-0.7666666666666682
-0.932432432432432
0.1333333333333333
0.0
0.33333333333333337
-1.1212121212121215
-1.57680250783699
-0.8181818181818181
-1.2363636363636363
-0.872727272727273
-0.9545454545454546
-1.3272727272727276
-0.872727272727273
-0.7878787878787876
-0.8181818181818181
-0.8181818181818179
0.05555555555555536
0.10526315789473661
-0.06666666666666665
-0.33333333333333326
-0.9583333333333335
0.0
0.0
0.0
0.25
-0.303030303030303
-0.4761904761904763
-0.8181818181818166
-0.7999999999999987
0.0
1.4432899320127035e-15
0.0
0.0
0.0
-0.3999999999999997
-1.3345238095238026
-0.8249999999999997
-0.8999999999999999
0.25
0.5
-0.42857142857142816
0.16666666666666674
-0.24999999999999978
-1.4333333333333331
-0.7333333333333336
-0.6000000000000001
-1.0409090909090897
-0.5333333333333332
-0.7777777777777777
-0.6666666666666667
-1.2822822822822815
-0.6944444444444444
-1.2666666666666662
0.19999999999999996
-0.5432432432432415
0.30000000000000004
-1.1846153846153848
-0.7142857142857137
0.0
1.4432899320127035e-15
-0.45804195804195613
-1.0606060606060614
-0.045454545454545636
-0.46306818181818166
-0.23636363636363633
-0.045454545454545636
-0.1212121212121211
0.0
0.0
-0.11538461538461475
-1.0923076923076915
-1.192307692307692
3.3306690738754696e-16
3.3306690738754696e-16
3.3306690738754696e-16
-0.7948717948717938
-1.346153846153845
-1.282051282051282
-0.5846153846153843
-1.4817813765182182
-0.794871794871794
0.8
0.21818181818181825
0.6
-0.16842105263157903
4.440892098500626e-16
-0.4166666666666663
0.5
-0.6666666666666667
0.6000000000000001
-0.44999999999999996
0.09999999999999998
-0.19999999999999973
-0.3999999999999999
-0.4166666666666661
-0.9500000000000008
-1.1071428571428519
-0.1785714285714286
0.0
0.0
-0.19999999999999996
-1.392857142857138
-0.5
0.050000000000000044
0.0
0.33333333333333337
0.16666666666666674
-0.7333333333333332
2.220446049250313e-16
-0.9999999999999996
-0.19999999999999973
0.0
0.2857142857142858
0.0714285714285714
0.5714285714285714
0.31746031746031744
-0.045112781954887105
-0.4428571428571433
0.4285714285714286
-1.2777777777777777
-1.3823529411764706
-1.1666666666666665
-0.9166666666666667
0.05555555555555547
0.01754385964912264
-0.33333333333333326
0.5
-0.833333333333333
-0.3928571428571428
-0.25
0.0
-0.3333333333333335
-0.3333333333333335
-0.6999999999999997
-0.7218045112781954
2.220446049250313e-16
0.07142857142857162
-0.6190476190476186
-0.02857142857142847
-0.25
0.5
0.0
-0.08333333333333326
0.75
-1.0878378378378368
-0.75
-0.40000000000000013
-0.5555555555555554
-0.21212121212121193
0.06666666666666665
-0.7647058823529411
-0.25
0.5
-0.5
-0.3500000000000001
4.440892098500626e-16
-1.0
-0.050000000000000044
-0.8333333333333335
2.220446049250313e-16
-0.33333333333333304
-0.8333333333333333
0.0
-0.07142857142857073
0.0
-0.9333333333333331
0.0
-0.7333333333333334
0.0
-0.24999999999999978
0.33333333333333337
0.050000000000000044
-0.5999999999999996
0.3999999999999999
-0.8285714285714285
-0.9333333333333331
-0.40000000000000013
-0.3999999999999999
0.0
0.07142857142857162
0.33333333333333337
-0.8181818181818175
-0.33333333333333326
-0.25
0.0
0.19047619047619047
0.6666666666666667
0.19047619047619058
-0.5
-0.7000000000000002
-1.3058823529411763
-1.4000000000000004
2.220446049250313e-16
-0.9166666666666663
-0.9999999999999998
-0.833333333333333
-0.33333333333333326
-0.5833333333333335
-1.166666666666666
-0.25
-1.333333333333333
-0.583333333333333
0.16666666666666663
-0.2647058823529411
-1.0833333333333335
-0.875
-0.75
-1.35
-0.625
-0.9642857142857142
0.0
0.0
0.0
0.2857142857142858
0.2857142857142858
0.2857142857142858
0.75
0.4285714285714286
0.2857142857142858
-0.33333333333333326
-0.5
0.08333333333333348
0.40000000000000013
0.0
0.0
-0.9523809523809477
0.33333333333333337
-0.5999999999999999
-1.314285714285714
-0.7333333333333334
-1.2235294117647055
-0.7454545454545454
0.0
0.0
0.0
-0.7820512820512786
0.0
0.0
0.0
0.10000000000000009
0.25
-1.0666666666666664
-0.44999999999999996
-1.3666666666666671
-0.6666666666666665
-0.33333333333333304
-0.33333333333333326
0.20000000000000018
-0.8000000000000003
-0.9333333333333331
-0.7666666666666666
0.20000000000000018
-0.5238095238095246
-0.33333333333333326
-0.32608695652173836
0.19999999999999996
-0.7564102564102535
-0.37142857142857144
-0.19999999999999996
-0.9555555555555553
0.0
-0.46666666666666656
-0.4666666666666668
-0.4166666666666665
-0.25
-0.5833333333333333
-0.25
-0.5555555555555554
-0.3846153846153848
-0.7641025641025601
-0.8717948717948669
-0.4542124542124515
-1.1692307692307642
-0.6410256410256379
-0.7371794871794839
-1.3307692307692256
-0.5512820512820482
-1.0833333333333286
-0.5128205128205101
-1.269230769230763
-1.4461538461538401
-1.2307692307692255
-0.5897435897435865
-0.47435897435897156
-0.4999999999999969
-0.8205128205128165
-0.6717948717948685
-0.6666666666666634
-0.42307692307692
-1.5776772247360422
-0.9102564102564041
-0.9820512820512775
-1.0615384615384564
-1.5128205128205066
-0.4487179487179449
-0.646153846153843
-0.8487179487179448
-0.7307692307692275
-0.6999999999999968
-1.6445221445221385
-0.8717948717948674
-0.43589743589743235
-0.7948717948717914
-0.49999999999999734
-0.7692307692307652
-0.7948717948717905
-0.49999999999999734
-0.9908424908424864
-0.40384615384615175
-0.4871794871794839
-0.4391025641025619
-0.41025641025640813
-0.7307692307692273
-0.9128205128205087
-0.4166666666666643
-0.7564102564102531
-0.9948717948717907
-0.46794871794871584
-1.0064102564102524
-0.6794871794871755
-1.207692307692303
-0.44102564102563857
-1.028205128205124
-0.6770833333333308
-0.5128205128205101
-0.4615384615384588
-0.7948717948717914
-0.7538461538461505
-0.7692307692307647
-0.556410256410254
-1.1025641025640982
-0.8846153846153786
-0.4487179487179451
-0.47435897435897134
-0.7564102564102528
-1.3076923076923017
0.0
-0.5714285714285712
0.0
-0.19999999999999996
-0.7437499999999997
0.16666666666666674
0.16666666666666674
-0.33333333333333326
-0.5882352941176467
-0.3882352941176468
0.05882352941176483
-0.7058823529411762
-0.4901960784313719
0.029411764705882804
-0.8627450980392153
-0.8039215686274503
-0.19607843137254855
-0.08823529411764652
-0.06862745098039169
0.08823529411764741
0.029411764705882693
-0.2549019607843135
-0.8823529411764699
0.13333333333333386
0.0
0.0
0.0
-0.33333333333333326
-0.7619047619047616
0.0
-0.9047619047619042
0.0
-0.9523809523809492
-0.5
-0.5333333333333337
-0.6000000000000001
-0.7
-0.5333333333333332
-0.5999999999999996
-0.7363636363636363
0.19999999999999996
0.20000000000000018
-0.8000000000000005
-1.1333333333333337
0.20000000000000018
-0.9000000000000004
-0.40000000000000013
-1.2000000000000002
-0.2647058823529411
0.19999999999999996
0.6000000000000001
-0.9797297297297289
-0.21875
0.0
-0.5
0.0
1.1102230246251565e-16
0.33333333333333337
-0.9333333333333336
0.09999999999999998
-0.9333333333333333
-0.8333333333333335
-0.833333333333333
-0.9333333333333331
-0.33333333333333326
-0.7142857142857142
-0.5892857142857109
0.5
0.06666666666666687
-0.5666666666666667
0.19999999999999996
0.6
0.19999999999999996
-0.16666666666666652
-0.9333333333333331
-0.2916666666666665
0.0
-1.1794871794871793
-0.16666666666666652
-0.75
-0.33333333333333326
-0.6000000000000001
-0.40000000000000013
-0.7000000000000002
-0.6000000000000001
-0.9880952380952344
0.0
0.13333333333333353
-1.1568627450980382
-0.5945945945945965
-0.6153846153846159
0.16666666666666674
-0.16666666666666652
-0.08333333333333326
-1.1190476190476137
0.75
-0.583333333333333
-0.12280701754385981
-0.5000000000000011
0.33333333333333337
0.0
0.10000000000000009
0.25
0.19999999999999996
-0.8988095238095182
0.06666666666666687
-0.20000000000000018
-1.3499999999999996
-0.8666666666666683
0.0
-0.9459459459459456
-1.3499999999999996
-1.418181818181818
-1.1625
-0.9142857142857141
-0.6000000000000001
0.0
0.5
-0.4821428571428523
-0.25
0.3999999999999999
-0.34999999999999987
0.0
-1.214285714285714
-0.5
0.0
-0.9333333333333331
-0.6666666666666665
-1.2142857142857135
-0.04761904761904723
-0.8333333333333319
-0.3095238095238091
-0.2999999999999994
-0.6428571428571417
-0.46428571428571375
-0.38095238095238027
-0.24285714285714222
-0.047619047619047006
-0.39285714285714235
6.661338147750939e-16
-0.33333333333333304
-0.16666666666666652
0.2500000000000002
0.25
-0.16666666666666652
0.33333333333333337
0.08333333333333337
-0.33333333333333326
0.0
-1.1
-0.6000000000000001
-1.1142857142857139
-0.6000000000000001
-0.583333333333333
-0.7272727272727275
-1.1309523809523765
-0.16666666666666652
0.0
0.125
-0.16666666666666607
0.16666666666666674
-0.10000000000000009
-0.25
0.0
0.0
0.0
-0.4545454545454546
0.018181818181818077
-0.40000000000000013
-0.7272727272727268
-1.2224025974025947
-0.21212121212121215
-0.09090909090909083
0.22727272727272718
-0.34090909090909083
0.0
0.25
0.25
-0.34999999999999987
-1.034615384615384
-0.5000000000000002
-0.545454545454545
-0.05714285714285694
-0.19047619047619024
-0.4285714285714284
0.09523809523809534
2.220446049250313e-16
-0.35714285714285676
-0.714285714285714
0.33333333333333337
0.33333333333333337
-1.0
0.15000000000000013
0.3999999999999999
-0.1428571428571428
-0.09523809523809512
-0.7142857142857142
-0.0714285714285714
-0.2285714285714282
-1.3540372670807446
-0.9642857142857142
-0.5357142857142856
-0.5
-0.3999999999999999
-0.8999999999999999
0.0
0.33333333333333337
-0.4492753623188399
2.220446049250313e-16
0.23809523809523814
-0.5428571428571425
-0.1428571428571428
-0.9047619047619044
2.220446049250313e-16
-0.6315789473684212
0.75
0.25
0.25
-0.16666666666666652
-1.1333333333333333
0.25
-0.43965517241379226
0.5
-0.11111111111111094
0.5
-0.16666666666666607
-0.7499999999999996
-0.9999999999999996
0.3666666666666668
0.6666666666666667
0.6666666666666667
0.6666666666666667
0.19047619047619047
2.220446049250313e-16
-0.9047619047619047
-1.2583333333333329
-0.9051724137931032
-0.75
0.08333333333333337
-0.42857142857142594
-0.17647058823529393
0.33333333333333337
0.6666666666666667
-0.3999999999999997
0.33333333333333337
-0.4999999999999998
-0.9166666666666667
0.0
-0.9333333333333331
-0.6666666666666665
0.125
0.0
0.25
-0.05681818181818166
0.04166666666666674
1.1102230246251565e-16
0.0
-0.583333333333333
-1.1576923076923062
-0.5714285714285716
-0.1666666666666663
0.03333333333333355
0.16666666666666685
-1.166666666666666
-0.11904761904761862
2.220446049250313e-16
0.06666666666666676
0.30000000000000004
0.06666666666666687
0.19999999999999996
0.3999999999999999
1.1102230246251565e-16
0.14285714285714302
-0.0952380952380949
0.0
0.0
-1.1
-0.5
-1.1
-1.1666666666666665
0.0
-0.5
-0.8999999999999999
-0.8999999999999999
0.050000000000000044
-0.6499999999999997
0.0
-1.293103448275862
-0.45238095238095166
-0.6999999999999997
-0.8333333333333333
-0.18253968253968234
0.2857142857142857
-0.09774436090225569
-0.2714285714285718
0.2857142857142857
0.5714285714285714
0.1785714285714286
-0.6428571428571426
-0.07142857142857117
-0.4285714285714288
-0.07142857142857117
-1.095238095238095
-0.8095238095238093
-0.4285714285714288
0.5
0.5
-0.44999999999999996
-0.25
-0.6346153846153848
-0.5833333333333333
-1.0681818181818183
0.0
-0.25
0.0
0.19444444444444464
-0.19999999999999996
-0.5999999999999994
-0.49999999999999956
-0.19999999999999973
-0.20833333333333326
-1.0294117647058827
-0.4722222222222221
-0.5833333333333333
1.1102230246251565e-16
0.0
-1.1
-0.5
-1.214285714285714
0.0
0.0
0.19047619047619047
0.0
-1.6095238095238074
-1.0476190476190466
-0.9999999999999989
-0.904761904761904
-0.3690476190476182
7.771561172376096e-16
-0.8333333333333326
-0.7529761904761887
-1.3571428571428554
-0.5238095238095231
-0.37142857142857055
-0.5238095238095231
-0.19047619047618958
-1.0238095238095228
-0.9047619047619038
0.04761904761904867
-0.5714285714285703
-1.6516290726817027
-0.4166666666666663
-0.5945945945945921
-1.0000000000000009
-0.5499999999999998
-1.4500000000000006
-0.6000000000000001
-0.19999999999999996
-0.16666666666666652
-0.357142857142857
0.0
-0.6666666666666663
0.20000000000000007
-0.6666666666666665
-0.357142857142857
0.0
-0.12499999999999978
0.375
-0.3500000000000001
0.125
-0.5
-0.02499999999999991
0.0
0.19999999999999996
0.5
-0.0625
-0.08571428571428585
-0.5428571428571427
-1.0833333333333326
-0.6249999999999996
-1.0249999999999995
-0.8249999999999997
3.3306690738754696e-16
-1.4124999999999996
-1.1249999999999996
-1.0875
-1.229166666666666
-1.4374999999999996
-0.9374999999999996
-0.7499999999999993
-0.31249999999999956
0.0
0.5
0.5
0.0
0.0
-0.6666666666666667
-0.636363636363636
-0.44999999999999996
0.20000000000000018
0.0
-1.1714285714285717
0.19999999999999996
-0.4166666666666665
-1.1954022988505741
-1.0333333333333332
-0.6944444444444438
-1.3333333333333321
3.3306690738754696e-16
-0.7619047619047616
-0.7222222222222217
-0.7857142857142851
-0.7222222222222217
-1.3571428571428559
-0.8333333333333326
-0.9999999999999993
-0.7222222222222217
-1.21111111111111
-0.6444444444444435
-0.6444444444444437
-0.9999999999999991
-0.777777777777777
-1.2666666666666666
-0.8
-0.533333333333333
-0.533333333333333
-0.20000000000000018
-0.9333333333333333
-0.49999999999999956
-0.49999999999999956
-0.7499999999999996
-0.8999999999999999
-0.33333333333333304
-0.9130434782608687
-0.33333333333333326
-1.4848484848484849
-1.2666666666666666
-0.19999999999999973
-0.4999999999999998
2.220446049250313e-16
1.1102230246251565e-16
-1.3636363636363642
-1.1363636363636367
-0.2272727272727273
-0.6363636363636362
-1.3939393939393945
-0.22727272727272751
0.0
-0.75
-0.050000000000000044
-0.2916666666666665
-0.5500000000000003
0.0
0.25
0.08333333333333348
0.0
-0.833333333333333
-0.25
0.125
-0.875
0.20833333333333337
-0.08333333333333326
0.125
-0.30000000000000004
0.08333333333333348
0.0
0.0
0.0
1.1102230246251565e-16
-0.22222222222222188
0.0
0.0
-0.25
-0.125
0.0
-0.6000000000000001
-0.5
-0.8500000000000001
-0.5
-0.33333333333333326
-0.6000000000000001
-0.33333333333333326
-0.533333333333333
-0.8333333333333333
-0.5
-0.5357142857142854
-0.6666666666666665
-0.16666666666666652
-0.06666666666666665
-0.8787878787878787
-1.2834224598930488
-1.7312252964426889
-0.7727272727272727
-1.0606060606060606
-0.6363636363636362
-2.220446049250313e-16
-1.3181818181818183
-0.2272727272727273
2.220446049250313e-16
0.16666666666666685
0.33333333333333337
-0.7999999999999998
-0.42500000000000004
-0.5999999999999999
-0.19999999999999973
-0.5111111111111113
-0.5000000000000002
-0.3999999999999999
-1.1
-0.16666666666666652
0.5
-0.07142857142857117
1.1102230246251565e-16
-0.9999999999999998
-0.24999999999999978
-0.3333333333333328
-0.785714285714286
-0.9444444444444442
-0.9384615384615356
0.33333333333333337
0.0
-0.7142857142857137
-0.75
0.0
-0.050000000000000044
-0.22058823529411753
-0.04999999999999982
1.1102230246251565e-16
-0.33333333333333326
-0.08333333333333326
0.0
0.0
-0.9333333333333331
-1.4000000000000004
-1.1
0.0
0.19999999999999996
-0.9226190476190423
0.0
-0.8999999999999999
-0.16666666666666652
-1.2387387387387392
-0.5
-0.7333333333333332
0.16666666666666674
2.220446049250313e-16
-0.6666666666666665
-0.8333333333333333
-0.6666666666666665
-0.5999999999999999
-0.05714285714285694
0.3999999999999999
0.6
-0.5428571428571427
-1.245098039215684
0.0
-1.020833333333333
-0.04166666666666652
-0.25
0.125
0.08333333333333348
-0.25
-0.41666666666666674
0.0
1.1102230246251565e-16
0.0
0.0
0.0
-0.533333333333333
-1.4923076923076923
0.6666666666666667
0.6666666666666667
-0.19999999999999973
-0.06666666666666665
-0.6666666666666665
-0.5
-1.6060606060606046
-0.4666666666666659
-0.6666666666666663
-0.33333333333333304
-0.5454545454545452
0.3333333333333336
-0.6499999999999999
-0.5
-1.3863636363636358
-1.1666666666666665
-0.5555555555555556
-0.5333333333333334
-1.0126262626262612
-0.5333333333333332
0.05555555555555536
-1.0555555555555558
-1.1111111111111112
-0.9444444444444446
0.4285714285714286
0.2857142857142858
-0.25
-0.842857142857143
-1.0476190476190474
-0.05714285714285694
-0.5428571428571427
-0.35714285714285676
-0.833333333333333
-1.4130434782608692
-0.833333333333333
-0.08333333333333326
0.08333333333333337
0.15000000000000002
0.08333333333333337
-1.1833333333333336
-0.8928571428571428
-0.04166666666666652
-0.583333333333333
2.220446049250313e-16
-0.5
-0.7499999999999998
-0.4166666666666665
0.0
-1.2678571428571397
0.20000000000000018
0.25
-1.2777777777777777
-1.4920634920634912
-1.5902777777777777
-1.380952380952381
-0.5833333333333335
-1.3555555555555556
-0.44444444444444464
-0.7222222222222221
-0.7777777777777777
0.14285714285714302
-0.21428571428571397
-0.0625
-0.6785714285714286
-0.5714285714285712
0.09523809523809534
-0.04761904761904745
0.0
-0.5833333333333333
0.0
0.33333333333333337
0.33333333333333337
-0.8333333333333333
2.220446049250313e-16
-0.8888888888888888
0.33333333333333337
0.0
-1.2666666666666666
0.25
0.5
0.0
-0.41666666666666297
0.05882352941176461
-0.33333333333333326
-0.13333333333333308
-1.0175438596491229
-0.9583333333333333
-1.1333333333333329
-0.6249999999999998
0.33333333333333337
-1.0363636363636362
-1.3181818181818183
-0.6363636363636362
-0.3636363636363633
-0.8181818181818179
-0.6363636363636362
-0.7636363636363641
-0.636363636363636
-0.7878787878787878
-1.518181818181819
-1.1764705882352922
0.0
-0.7419354838709671
0.25
0.16666666666666674
-0.5777777777777771
-0.33333333333333304
0.16666666666666674
0.05555555555555558
0.04970760233918203
0.05555555555555569
0.11111111111111138
-0.12222222222222179
0.08333333333333359
-0.17777777777777737
-0.16666666666666652
0.0
0.40000000000000013
0.2857142857142858
0.5
-1.0980392156862728
-0.8571428571428579
-0.9333333333333333
0.25
-0.40909090909090784
0.21818181818181803
0.6
-0.16842105263157925
-0.4166666666666661
-1.1666666666666665
-0.06666666666666665
-0.9333333333333331
-1.2000000000000002
-0.3999999999999999
1.1102230246251565e-16
0.2333333333333334
0.08333333333333415
0.3333333333333335
-0.1666666666666663
-0.6000000000000001
0.0
0.0
0.0
0.0
-0.833333333333333
-0.25
-1.4545454545454533
-1.083333333333333
0.0
-0.583333333333333
-0.48333333333333295
-1.244871794871794
-0.6249999999999996
-0.7708333333333335
6.661338147750939e-16
0.0
0.0
0.0
0.25
-1.2666666666666666
-0.49565217391304284
-1.0511904761904698
-0.48571428571428554
-0.06666666666666643
-0.4078431372549014
-0.15555555555555522
-0.033333333333333215
-0.46666666666666634
-0.2666666666666664
-0.7666666666666659
-0.7824561403508767
-0.13333333333333308
-0.9166666666666665
0.0
-0.5
-0.5999999999999999
0.0
-0.4285714285714284
0.33333333333333337
0.6666666666666667
-1.2156862745098018
-0.6923076923076925
-0.16666666666666652
-0.5
-0.25
-0.459459459459461
0.5
-0.33333333333333304
0.0
-0.875
-0.08333333333333326
-0.08333333333333326
-0.33333333333333326
0.0
-0.7142857142857137
-0.8571428571428568
0.3333333333333335
0.3999999999999999
-0.6000000000000001
-0.19999999999999996
0.0
-0.9999999999999998
-0.9999999999999998
-1.2156862745098032
-0.04999999999999982
-1.4695652173913043
0.0
-0.19999999999999973
-0.14285714285714235
-0.9999999999999996
-0.20833333333333326
-0.9999999999999998
0.1499999999999999
-0.6071428571428557
-0.33333333333333326
-0.45833333333333326
-0.75
-0.5
-0.625
-0.25
0.0
0.0
-0.1515151515151505
-0.6216216216216213
-1.2000000000000002
-1.0999999999999996
-0.6000000000000001
-0.6000000000000001
-0.9333333333333333
-0.25
-0.7954545454545443
-0.5
-0.4891304347826084
-0.8869047619047576
-0.833333333333333
0.5
0.25
-0.1499999999999999
0.25
0.25
0.0
2.220446049250313e-16
-0.4761904761904736
-0.2999999999999998
0.0
-0.40000000000000013
-0.19999999999999996
0.10000000000000009
0.10000000000000009
0.5
0.20000000000000007
0.0
0.0
0.0
0.25
-0.0681818181818179
0.0
0.08333333333333337
0.6000000000000001
-0.929729729729728
-0.28749999999999987
-0.16666666666666652
-1.0476190476190474
-1.166666666666666
-0.7499999999999998
0.0
0.0
-0.04999999999999982
-0.9285714285714284
-0.9833333333333334
-1.083333333333333
-0.5
-0.93846153846154
-0.714285714285714
-0.7857142857142856
-0.9285714285714284
-0.4285714285714284
0.33333333333333337
0.33333333333333337
-1.2878787878787872
-0.5
0.0
0.5
0.25
0.33333333333333337
-1.1111111111111107
-0.9999999999999998
-1.0
-0.3999999999999999
-0.3999999999999999
0.3333333333333335
-0.13333333333333308
-1.0175438596491229
-0.9583333333333333
0.0
-1.2000000000000002
-1.5545454545454547
-0.13333333333333308
-0.25
-1.1666666666666665
1.1102230246251565e-16
0.0
0.2333333333333334
0.08333333333333326
0.2500000000000001
-0.08333333333333326
0.0
0.0
0.0
-0.75
-0.5833333333333333
-0.8333333333333335
-0.33333333333333326
-0.33333333333333326
-0.25
-0.9166666666666612
-0.1499999999999999
-0.16666666666666674
-0.8235294117647061
-0.20833333333333348
-0.125
-0.9444444444444438
-1.2857142857142838
-0.33333333333333304
0.0
0.0
0.375
0.6000000000000001
-0.1333333333333333
0.19999999999999996
-0.25
-0.44999999999999996
0.0
-0.8999999999999999
-1.1307692307692307
-0.6117647058823532
0.0
0.30000000000000004
-1.0
0.0
-0.4722222222222223
-0.8823529411764708
-0.1956521739130428
0.11111111111111094
0.20000000000000007
-0.06666666666666665
0.0
-0.6000000000000001
-0.19999999999999996
0.0
-0.9047619047619044
-0.33333333333333326
0.5
0.25
0.40000000000000013
0.25
0.25
-0.33333333333333326
2.220446049250313e-16
-1.0752688172042997
-0.33333333333333326
-0.8823529411764708
-0.9393939393939377
-0.527272727272726
-0.4242424242424232
-0.7151515151515135
-0.8484848484848471
-1.5393939393939378
-0.1515151515151505
-1.3272727272727254
-0.4242424242424232
-0.3939393939393929
-1.4545454545454524
-0.8181818181818166
-0.9393939393939377
-0.8181818181818166
-0.945454545454544
-1.0606060606060592
-0.5151515151515138
-0.33333333333333215
-0.3939393939393929
-1.2727272727272707
-0.8181818181818166
0.16666666666666674
0.19999999999999996
0.0
0.0
-0.2857142857142856
-0.4285714285714284
-0.4285714285714284
-0.34285714285714275
-0.9714285714285711
-1.2098214285714288
-0.40000000000000013
-0.6000000000000001
-0.9483870967741928
-1.1
-0.6000000000000001
-0.5999999999999999
-1.333333333333333
-0.7499999999999998
-0.4166666666666665
1.1102230246251565e-16
-0.6666666666666665
-0.8333333333333333
-0.6619047619047618
-0.30000000000000004
-0.875
-0.4166666666666665
-1.3749999999999951
-0.25
-0.3749999999999998
0.0
-0.5714285714285712
0.1904761904761907
0.19047619047619047
-0.714285714285714
0.0
0.0
-0.47023809523809046
0.33333333333333337
0.3333333333333335
0.33333333333333337
0.0
-1.0952380952380913
-0.44444444444444464
-0.3214285714285714
-0.75
0.0
-0.8499999999999988
-0.33333333333333326
0.0
-0.9333333333333331
-0.25
0.0
-1.2142857142857144
-0.5
-0.5833333333333333
0.0
-0.25
0.5000000000000001
4.440892098500626e-16
-0.9130434782608687
0.0
0.0
-1.4583333333333282
-0.16666666666666652
-0.16666666666666652
-0.6000000000000001
-1.1363636363636362
-0.9444444444444442
-0.8260869565217386
-0.75
0.0
-0.75
-0.08333333333333326
1.1102230246251565e-16
-0.5999999999999999
0.0
-0.9189189189189189
0.33333333333333337
-0.6666666666666667
0.0
0.0
-0.33333333333333326
-0.8285714285714285
-0.2857142857142856
-0.47619047619047605
-0.09523809523809534
-1.380952380952381
-0.7619047619047616
0.0
1.1102230246251565e-16
-0.33333333333333304
-0.11904761904761885
0.10000000000000009
1.1102230246251565e-16
0.0
0.16666666666666663
-0.5
-1.25
1.1102230246251565e-16
-1.2222222222222219
-1.0666666666666664
-0.9999999999999996
-1.1666666666666665
-0.9999999999999998
-0.9999999999999998
-0.583333333333333
-1.7976190476190417
-0.9999999999999998
-0.8333333333333333
-1.0416666666666665
-0.7499999999999998
-1.0833333333333335
-1.266666666666667
-0.6666666666666665
-1.4166666666666665
-0.19999999999999996
-0.9333333333333331
-0.44999999999999996
4.440892098500626e-16
-0.8000000000000007
-0.33333333333333326
-0.8285714285714283
-1.314285714285714
-0.7619047619047619
-0.2857142857142856
-0.09523809523809512
-0.9285714285714282
-0.48571428571428577
-1.0
-0.6190476190476186
-0.9714285714285713
-1.0476190476190474
-0.47619047619047605
-0.5714285714285714
0.0
0.16666666666666674
0.5
0.19444444444444442
-2.220446049250313e-16
-0.15000000000000013
-0.24999999999999978
-0.9833333333333334
-1.2976190476190474
0.08333333333333337
-0.16666666666666652
-0.4166666666666665
0.08333333333333315
0.0
0.5
-0.38095238095238004
-1.3749999999999996
-1.208333333333333
-1.0999999999999996
3.3306690738754696e-16
-1.3499999999999996
-0.31249999999999956
-1.145833333333333
-1.3124999999999996
-1.3749999999999996
-1.2874999999999996
-1.4124999999999996
3.3306690738754696e-16
-0.8749999999999993
-0.7499999999999993
0.0
0.25
1.4432899320127035e-15
-0.8000000000000003
-0.7000000000000002
-0.5
-1.1666666666666665
-0.6666666666666665
-0.33333333333333326
-0.733333333333333
1.1102230246251565e-16
0.33333333333333337
0.0
-1.0294117647058822
-1.0833333333333335
0.0
-0.5
-0.93846153846154
0.0
0.0
-0.25
0.33333333333333337
0.0
-0.32758620689655116
0.0
1.1102230246251565e-16
-1.2000000000000002
0.25
0.25
-1.4538461538461536
-0.6470588235294119
-0.7307692307692308
0.0
0.0
-0.125
-0.9166666666666623
-0.9583333333333297
1.1102230246251565e-16
-0.46666666666666634
-1.3999999999999995
-1.210714285714281
-0.733333333333333
-0.46666666666666634
-1.028571428571428
-0.533333333333333
-1.0916666666666663
-1.1541666666666663
-0.47272727272727244
-0.13333333333333308
-0.125
-0.3130434782608691
0.40000000000000013
-0.12727272727272743
-0.7499999999999964
-0.2999999999999998
-0.34999999999999853
0.0
0.0
-0.733333333333333
-0.9000000000000004
-0.6000000000000001
-0.33333333333333326
-0.33333333333333326
-0.05555555555555558
0.06666666666666665
-1.0416666666666665
0.11111111111111094
-0.13333333333333286
-1.1111111111111112
-1.4166666666666665
0.2222222222222221
0.25
-0.07142857142857117
-1.4461538461538463
-1.0900900900900927
-0.7395833333333335
-0.5833333333333333
0.0
-0.19444444444444442
-0.3214285714285712
0.25
0.0
-1.1666666666666665
-0.3333333333333335
-0.6666666666666665
-1.1111111111111112
-0.3333333333333335
-0.5555555555555556
-0.5555555555555558
-0.7777777777777777
2.220446049250313e-16
0.33333333333333337
-0.6666666666666665
0.375
0.375
0.05681818181818188
0.5833333333333334
0.2500000000000001
0.41666666666666663
-0.19999999999999996
-0.46315789473684243
-0.10000000000000009
-0.4727272727272731
-0.1499999999999999
0.0
-1.125
-1.464285714285709
-0.25
-0.2857142857142856
0.0
-0.125
0.5
0.0
0.16666666666666674
-0.7777777777777779
0.0
-1.333333333333333
-1.4444444444444442
0.33333333333333337
-0.22222222222222232
0.0
0.0
-0.6666666666666665
0.0
-1.068181818181817
0.20000000000000007
-0.5
0.0
-1.2666666666666666
-0.9000000000000001
-0.6000000000000001
-0.8809523809523814
-1.5090909090909093
-0.739130434782608
0.0
-1.225
0.30000000000000004
0.3666666666666667
0.40000000000000013
-0.3999999999999999
0.10000000000000009
-0.7333333333333332
-0.5
-0.06666666666666643
-0.9333333333333333
0.0
-1.2000000000000002
-1.3499999999999996
0.08333333333333337
-0.49999999999999933
0.33333333333333337
0.10000000000000009
-0.8285714285714285
-1.1
-0.9000000000000001
-0.40000000000000013
0.13333333333333353
-0.6000000000000001
-1.5459459459459444
-0.6000000000000001
0.16666666666666674
0.5
-0.6500000000000001
-0.44999999999999996
-0.3333333333333335
-0.20000000000000018
-0.8965517241379302
-1.1586206896551707
-0.7586206896551715
-0.9051724137931019
-0.7528735632183894
-0.8620689655172398
-0.3908045977011483
-0.9310344827586201
-1.2298850574712628
-1.4965517241379294
-0.6896551724137925
-1.1206896551724124
-0.6896551724137916
-1.2643678160919527
-1.2643678160919527
-0.6839080459770104
-0.781609195402297
-0.39655172413793016
-0.9310344827586206
-0.8620689655172402
-1.4310344827586192
0.5166666666666667
-0.24999999999999978
-0.24999999999999978
-0.4166666666666663
-0.08333333333333304
-0.1333333333333333
-0.7499999999999998
1.1102230246251565e-16
0.08333333333333337
-0.583333333333333
0.3650793650793651
0.2222222222222221
-0.08333333333333348
0.06666666666666643
-0.33333333333333304
0.0
0.0
-0.05555555555555558
-0.10000000000000009
-0.1333333333333333
-0.3666666666666667
0.06666666666666676
-0.40000000000000013
-0.40000000000000013
0.1333333333333333
0.15000000000000002
-1.0535714285714284
-0.4285714285714284
-1.0476190476190474
-1.214285714285714
-0.5714285714285714
-0.4285714285714284
-0.8923076923076927
0.0
0.2857142857142858
0.07142857142857162
0.25714285714285734
-0.1428571428571428
0.3333333333333335
0.08333333333333348
-0.19999999999999973
0.19999999999999996
-0.6000000000000001
-1.15
-0.06666666666666665
-0.07575757575757525
0.16666666666666674
0.11111111111111094
-0.4999999999999998
-0.9999999999999998
-0.49999999999999956
-1.1641025641025613
-0.045454545454545414
-0.8928571428571375
0.25
-0.7692307692307674
0.25
0.30000000000000004
-0.9333333333333331
-0.6666666666666665
-1.25
-1.0053475935828882
0.030303030303030276
-0.9644268774703555
-1.0405844155844122
-2.220446049250313e-16
-0.3939393939393938
-0.4318181818181821
-2.220446049250313e-16
-0.9272727272727275
-1.327272727272728
-0.833333333333333
-1.2156862745098036
4.440892098500626e-16
-0.8000000000000003
-0.6000000000000001
0.19999999999999996
0.04166666666666674
-0.19999999999999996
-0.7878787878787876
-0.125
0.25
-0.8988095238095208
0.015151515151515804
0.0
0.0
-0.8333333333333333
-1.083333333333333
-1.350649350649351
-0.8701298701298705
0.21818181818181803
-0.3014354066985645
-0.9272727272727272
0.22727272727272707
-0.23809523809523792
-0.9583333333333306
0.0
-0.8095238095238049
0.5
0.15000000000000002
-0.8235294117647061
-1.0666666666666664
-0.833333333333333
-0.33333333333333304
-0.6666666666666663
-0.33333333333333304
-0.2999999999999998
-0.375
-0.6000000000000001
-0.6000000000000001
-0.5833333333333333
-0.25
-1.1785714285714253
-0.16666666666666652
0.0
0.14285714285714302
-0.0952380952380949
0.40000000000000013
0.40000000000000013
-0.19999999999999996
-0.25
-1.3918918918918903
0.0
-0.7333333333333332
0.0
2.220446049250313e-16
0.0
-0.14285714285714235
0.125
-1.2142857142857144
0.5
0.0
-0.36666666666666736
-0.1923076923076925
-0.4999999999999998
0.03508771929824539
-0.1333333333333333
0.4
-0.5769230769230769
0.275
-0.8774193548387088
0.6666666666666667
-0.7980769230769231
0.375
-0.5
-0.9556451612903218
0.33333333333333337
-0.8333333333333333
0.0
0.0
-0.3666666666666669
-0.06666666666666643
-0.7333333333333334
-0.05714285714285694
-0.33333333333333326
-0.9729729729729726
0.0
0.0
0.20000000000000018
-0.19999999999999996
-0.44999999999999996
-0.34999999999999987
0.20000000000000018
-0.16666666666666674
-0.38235294117647056
0.09999999999999998
-1.2409090909090907
-0.6499999999999992
-0.4166666666666665
-1.0999999999999996
-0.6500000000000001
-1.2923076923076913
-0.8000000000000003
-0.25
-0.7499999999999998
0.125
0.25
0.6
0.16666666666666674
0.19999999999999996
-0.833333333333333
-1.15151515151515
-0.4558823529411766
-0.5227272727272727
-0.7797619047619013
-0.5999999999999999
-1.2869047619047573
0.0
-0.49090909090909074
0.25
0.0
0.5
-0.41666666666666674
0.0
0.25
-0.44999999999999996
-0.5999999999999996
-1.1666666666666665
0.0
-0.833333333333333
-0.5999999999999999
-0.5
0.0
-0.9868421052631586
-0.5
0.5
0.5
-0.125
0.5
0.5
-1.1
-0.5000000000000002
-1.314285714285714
-0.9333333333333336
-0.19999999999999996
0.0
0.0
0.0
0.33333333333333337
0.021052631578947212
-0.13333333333333308
-0.7142857142857142
-0.4166666666666665
-0.5833333333333335
0.5
-0.09999999999999987
-0.33333333333333326
-0.9333333333333331
-0.5666666666666664
-0.7857142857142854
0.08571428571428596
0.37142857142857155
-0.7619047619047616
0.5714285714285714
0.125
0.20000000000000007
-0.625
-0.5
-1.057142857142853
0.19999999999999996
0.10000000000000009
-0.5999999999999996
-0.5652173913043472
-0.961904761904756
-0.5294117647058827
-0.3666666666666669
0.0
1.1102230246251565e-16
1.1102230246251565e-16
-0.5
-0.8333333333333333
-0.8333333333333333
-1.0
-0.33333333333333304
0.0
0.0
-1.2688172043010741
-0.8333333333333333
0.07142857142857162
-1.517857142857137
2.220446049250313e-16
-0.4285714285714284
-0.1428571428571428
0.0
-0.05555555555555558
-0.4444444444444444
-0.7777777777777779
-0.7777777777777777
-0.33333333333333326
0.0
-0.5833333333333333
-0.5
-0.5833333333333333
-0.5833333333333335
-0.75
-1.09090909090909
-1.3970588235294108
-1.4345238095238098
-1.3214285714285712
-0.625
-0.625
-0.75
0.0
-1.0476190476190474
-0.33333333333333326
-0.9999999999999998
-0.8571428571428574
0.6666666666666667
-0.5
-0.33333333333333326
-0.75
0.0
-0.9499999999999986
-0.3999999999999999
-1.0
0.0
-0.3999999999999999
-0.1428571428571428
-0.33333333333333326
0.0
-0.3999999999999997
-0.6666666666666665
-0.5
0.16666666666666674
-0.22222222222222232
0.0
-0.3125
-0.5357142857142854
0.0
-0.20289855072463703
-0.5476190476190443
0.25
0.14285714285714302
-0.9142857142857137
-0.05714285714285694
-0.9285714285714282
-0.5
0.0
-0.8571428571428568
0.3999999999999999
0.0
-0.8947368421052628
0.0
0.0
-1.2666666666666666
-0.9000000000000001
-0.25
-1.083333333333333
-0.5
0.0
-0.833333333333333
-0.833333333333333
-0.033333333333333215
0.20000000000000007
-0.2857142857142856
0.33333333333333337
0.0
-0.5
0.1777777777777778
-0.3555555555555556
-0.44444444444444464
-0.02777777777777768
0.2222222222222222
0.04444444444444462
-0.11111111111111138
0.11111111111111094
0.0
-1.0
-0.45833333333333304
-0.6964285714285712
-0.4999999999999998
-0.375
-0.4999999999999998
0.19999999999999996
-0.5810810810810803
0.6000000000000001
-0.43589743589743546
-0.2916666666666665
-0.2666666666666664
-0.2666666666666666
0.0
0.5
-0.12280701754385981
-0.16666666666666652
-1.4702380952380878
-0.08333333333333326
0.16666666666666674
0.16666666666666685
1.4432899320127035e-15
0.0
-0.1333333333333333
-0.30000000000000004
-0.533333333333333
-1.3928571428571366
-0.7083333333333333
1.1102230246251565e-16
0.3333333333333335
0.3333333333333335
-0.1666666666666663
-0.24561403508771895
-0.19999999999999973
0.6666666666666667
-0.2857142857142856
-0.8333333333333333
-0.75
-0.6470588235294117
-0.7941176470588225
0.0
-0.6666666666666667
2.4424906541753444e-15
-0.08333333333333326
-0.2857142857142856
-0.6190476190476188
-1.0476190476190474
0.0
0.43333333333333335
-0.561904761904761
-0.6117647058823534
-0.06666666666666643
0.0
-1.1
-0.6000000000000001
0.0
-0.125
0.33333333333333337
0.33333333333333337
0.33333333333333337
0.06666666666666687
-0.19999999999999973
-0.33333333333333326
-0.19999999999999996
-0.33333333333333304
-0.5714285714285712
-0.6000000000000001
0.0
0.6000000000000001
-0.5
-0.875
-0.875
-1.083333333333333
-1.0
-0.75
-0.7250000000000001
1.1102230246251565e-16
0.25
-0.625
-0.25
-0.25
-1.238461538461539
-1.1594202898550714
0.16666666666666685
-0.1666666666666663
-0.13333333333333308
-0.46666666666666656
0.23809523809523814
-0.6249999999999964
0.5
0.0
-0.16666666666666652
-0.9047619047619047
-0.6785714285714286
-0.3428571428571425
-0.5
-0.11363636363636354
0.08333333333333326
0.16666666666666674
0.33333333333333337
-0.30000000000000027
1.1102230246251565e-16
-0.941176470588234
-0.6190476190476182
-0.09999999999999987
-0.16666666666666674
-0.8
-0.6285714285714283
0.0
-0.5357142857142854
-0.6071428571428568
0.08333333333333348
0.0
0.0
0.0
2.220446049250313e-16
-1.2000000000000015
0.0
2.4424906541753444e-15
0.0
-1.1075268817204291
-0.16666666666666652
-0.33333333333333326
-0.6000000000000001
0.0
-0.2666666666666664
0.0
0.0
0.2500000000000002
0.20000000000000007
0.33333333333333337
0.40000000000000013
-0.9880952380952344
0.0
0.6666666666666667
0.0
-0.5833333333333333
0.0
-1.3058823529411763
-1.2000000000000002
-1.1142857142857143
0.0
-0.7333333333333332
-0.5999999999999999
0.33333333333333337
0.33333333333333337
-1.0
-0.5833333333333333
-0.583333333333333
0.0
0.0
0.0
-0.33333333333333326
-0.8000000000000003
0.0
0.0
-1.333333333333333
-0.5
-0.75
-1.0
-0.8333333333333326
0.0
-0.75
-0.16666666666666652
0.050000000000000155
-0.9761904761904718
-0.5
0.6666666666666667
0.33333333333333337
0.33333333333333337
0.0
-0.3999999999999999
-0.5806451612903221
0.0
-1.102272727272727
-1.35119047619047
-0.25
-0.04166666666666652
-0.04166666666666652
-0.10000000000000009
0.0
-0.2000000000000004
0.16666666666666674
0.0
-1.1666666666666665
0.0
0.19999999999999996
0.20000000000000018
0.5
-0.5714285714285712
-0.7857142857142854
-0.2857142857142856
-0.6857142857142855
-0.23809523809523792
0.23809523809523803
-0.8766233766233757
-0.5964912280701749
-0.8947368421052615
-0.6184210526315781
-1.3082706766917278
-0.42105263157894646
-1.2910216718266239
-1.494736842105263
-0.30075187969924744
-0.06315789473684164
-0.289473684210525
-0.6315789473684201
-0.2842105263157888
-0.49999999999999956
0.5
-0.6666666666666663
-1.0999999999999996
-0.5
0.0
0.0
-1.1025641025641026
-0.027272727272727337
-0.02499999999999991
0.33333333333333337
0.15000000000000013
-1.0452380952380893
-0.3999999999999999
0.25
-0.5
-0.42857142857142816
-0.33333333333333326
-1.0
-1.6058823529411752
-0.823529411764705
-1.0882352941176467
-1.3647058823529399
-0.8823529411764699
-0.9803921568627443
0.0
0.0
0.0
0.5
0.0
0.0
-0.8630952380952339
-1.0999999999999996
-0.4166666666666663
-1.333333333333333
-1.0
-0.33333333333333304
-0.7499999999999998
-1.0595238095238089
1.1102230246251565e-16
-0.19999999999999996
0.40000000000000013
0.15000000000000002
0.0
0.19999999999999996
0.15000000000000013
0.0
-0.6666666666666665
-0.6666666666666665
-0.9333333333333333
-0.4500000000000002
-1.346428571428567
0.0
0.0
0.08333333333333348
0.0
-1.0
-0.25
-0.16666666666666652
-1.1000000000000005
-0.8235294117647061
-0.33333333333333326
-0.33333333333333326
-1.25
-0.6458333333333335
-0.4333333333333331
-0.0952380952380949
0.3333333333333338
2.220446049250313e-16
-0.09523809523809512
-0.04761904761904745
1.1102230246251565e-16
-1.0392156862745097
-0.6190476190476186
3.3306690738754696e-16
-0.8809523809523805
-0.4821428571428523
-0.8333333333333333
-0.08333333333333348
0.33333333333333337
-0.5666666666666669
0.16666666666666674
-1.2499999999999987
-0.9333333333333331
-1.1
0.0
0.0
-0.9545454545454526
0.0
0.0
-0.7954545454545454
-0.21666666666666679
-0.30000000000000027
-0.8611111111111114
0.25
-0.75
0.0
-0.16666666666666674
-0.25
-0.44999999999999973
-0.3111111111111109
-0.40000000000000013
-0.6000000000000001
-1.194117647058821
-1.245098039215684
-1.2745098039215663
-1.3202614379084943
-0.9411764705882322
-1.305882352941174
-0.7647058823529396
-0.7352941176470562
-0.9264705882352926
-1.1764705882352913
-1.2235294117647042
-1.2745098039215663
-1.5117647058823507
-1.6529411764705868
-0.7352941176470562
-1.2745098039215663
-0.9411764705882324
-1.5117647058823507
-1.0392156862745079
-1.3613445378151239
-1.3655462184873928
-1.235294117647057
-1.0588235294117627
-1.6378676470588216
0.0
-1.1794871794871784
-0.7820512820512815
-0.8717948717948707
-0.11538461538461475
-1.1794871794871784
-1.0615384615384613
-1.2747252747252733
-0.2307692307692304
-1.1025641025641018
-0.8923076923076922
-0.1923076923076914
-1.1794871794871788
0.15000000000000013
0.15000000000000013
-0.9333333333333331
-0.16666666666666652
0.0
0.0
0.25
0.06666666666666654
0.06666666666666654
0.0
-0.75
-0.3749999999999998
-1.083333333333333
-0.04166666666666652
0.0
-0.9279279279279307
-0.9487179487179476
0.0
-0.3260869565217386
-1.1
-1.4500000000000006
0.0
0.0
0.5
-0.16666666666666652
-0.45833333333333326
-0.7619047619047619
-0.6190476190476191
-0.8571428571428565
-0.9714285714285713
-0.47619047619047583
0.0
-0.6666666666666665
0.33333333333333337
-1.3690476190476129
-0.5833333333333335
-0.18478260869565188
-0.045454545454545414
-0.7261904761904723
-0.16176470588235303
-0.1666666666666663
-1.226190476190471
1.1102230246251565e-16
-0.7
-0.5666666666666664
-0.6521739130434772
-0.608695652173912
-0.8260869565217379
5.551115123125783e-16
-1.4260869565217384
-0.28260869565217317
-1.3580562659846542
-0.7391304347826075
-0.8509316770186324
-0.7826086956521727
-0.5217391304347816
-1.0772946859903372
-0.5217391304347816
-0.4492753623188397
-1.139130434782608
-0.6521739130434772
-0.75
0.0
-0.5333333333333334
-0.04999999999999982
-0.6000000000000001
-0.7333333333333334
0.0
0.33333333333333337
0.6666666666666667
-1.0
-1.3571428571428572
0.0
-0.20000000000000018
-0.20000000000000018
-1.1
-0.20000000000000018
-0.5
-1.1333333333333333
-1.2666666666666675
-0.19999999999999996
-0.6000000000000003
-0.7666666666666664
-0.7999999999999998
1.4432899320127035e-15
0.25
-0.1666666666666663
-0.24999999999999978
-0.35714285714285676
3.3306690738754696e-16
-0.566666666666666
-0.5714285714285714
0.5
0.0
0.0
0.0
4.440892098500626e-16
-0.9333333333333331
-0.2857142857142856
0.0
-0.9545454545454533
0.33333333333333337
0.16666666666666674
0.0
-0.7714285714285711
-1.0476190476190474
-0.714285714285714
0.0
-0.6785714285714284
-1.214285714285714
-0.714285714285714
-0.5999999999999996
-1.0285714285714294
-0.7142857142857142
-1.3214285714285663
-0.9047619047619047
-0.9107142857142856
-0.9714285714285713
0.4285714285714286
0.125
-0.21428571428571397
-0.1428571428571428
-1.3333333333333321
-1.533333333333326
-1.2333333333333312
-1.4393939393939377
-1.3153846153846138
-1.2874999999999979
-0.6999999999999982
-1.1380952380952363
-1.199999999999998
-0.9333333333333316
-0.9666666666666655
-0.8666666666666647
-0.8999999999999981
-0.9999999999999984
-0.4999999999999982
-1.4333333333333313
-0.4999999999999991
-0.7999999999999983
-0.9333333333333331
-0.4285714285714284
0.16666666666666674
0.40000000000000013
-0.16666666666666652
-0.959459459459459
-0.11363636363636331
0.3333333333333335
0.08333333333333326
-1.0
-1.370967741935483
0.0
-0.9642857142857137
0.5
-0.6000000000000001
-0.33333333333333304
-0.5
0.0
-1.1
0.0
0.4285714285714286
0.3333333333333335
0.5
-0.625
1.1102230246251565e-16
-0.9285714285714284
-0.3333333333333335
-0.3999999999999999
-0.5
-0.5
-0.5
0.4761904761904763
2.220446049250313e-16
0.3142857142857143
0.5714285714285714
0.14285714285714313
0.25
0.25
0.33333333333333337
-1.1333333333333329
-0.06666666666666643
0.6666666666666667
0.10000000000000009
-0.2142857142857142
4.440892098500626e-16
-0.24999999999999978
0.2333333333333334
-0.6666666666666667
-1.2954545454545445
-1.5743589743589723
1.1102230246251565e-16
0.0
-0.5428571428571425
-1.2000000000000002
0.5
0.25
0.25
0.04761904761904778
0.0
-0.6216216216216213
0.40000000000000013
0.5428571428571429
0.6000000000000001
0.40000000000000013
0.3999999999999999
0.11666666666666659
0.40000000000000013
0.05882352941176483
-0.5630252100840332
-0.9257703081232442
0.05882352941176483
-0.8235294117647054
-0.7647058823529405
-0.23529411764705843
0.05882352941176483
-0.3235294117647054
-0.3235294117647056
-0.4313725490196072
0.0
-0.16666666666666652
0.40000000000000013
-1.395454545454545
-1.2000000000000002
-0.9333333333333333
0.0
-0.17857142857142816
0.5
0.5
2.220446049250313e-16
-1.076923076923077
-0.6666666666666665
-0.4999999999999998
0.16923076923076918
0.44999999999999996
0.6
0.27500000000000013
0.3500000000000001
0.25
0.25
0.33333333333333337
-1.1428571428571428
-1.0476190476190474
0.5
-1.2647058823529411
0.0
-0.6388888888888891
-0.9558823529411766
-0.211538461538461
-0.028846153846153078
-0.2115384615384608
-0.46153846153846056
-1.346153846153845
0.10989010989011039
0.16923076923076952
0.2788461538461544
-0.7115384615384606
-0.11538461538461475
0.019230769230769607
-0.40000000000000013
-0.6166666666666665
-1.2000000000000002
-1.166666666666667
-0.33333333333333326
-0.41666666666666585
-1.4090909090909074
-0.4999999999999998
-0.42857142857142394
1.1102230246251565e-16
0.0
-0.34999999999999987
-1.034615384615384
-0.31884057971014435
0.11111111111111094
0.6666666666666667
0.06666666666666687
0.06666666666666654
0.19999999999999996
0.20000000000000018
0.25
-0.41666666666666563
-0.6904761904761894
-1.3772893772893746
-0.4166666666666654
-0.6785714285714275
-0.9880952380952368
-1.2857142857142847
-0.8571428571428565
-1.3249299719887935
-0.41666666666666563
-0.8190476190476186
-0.7142857142857129
-1.0238095238095233
-1.2380952380952364
0.75
0.125
0.75
-0.6666666666666665
0.2857142857142858
-0.42857142857142816
-0.1428571428571428
-0.4999999999999998
-0.04761904761904767
0.25
-0.5454545454545456
-0.5
-0.9761904761904758
-0.33333333333333304
-0.2941176470588238
-0.08333333333333304
-0.38157894736842146
0.0
-0.25
-0.5666666666666669
-1.5490196078431362
0.16666666666666685
-0.9047619047619038
0.0
-0.42857142857142794
-0.15942028985507206
-0.535714285714282
-0.7884615384615379
-0.5
0.0
0.17142857142857149
-1.0476190476190474
0.07142857142857162
-0.04761904761904745
-0.20454545454545436
-0.25
0.2500000000000001
0.16666666666666674
-1.1845238095238058
-1.1428571428571423
-1.3769230769230765
0.0
-0.6000000000000001
0.0
-1.0384615384615388
-1.0882352941176467
-0.5
0.19999999999999996
-1.1120129870129816
-0.43181818181818166
-0.3939393939393938
-0.8545454545454549
-0.2272727272727273
-0.7454545454545456
-0.8666666666666663
-0.17857142857142838
-0.25
-0.8333333333333333
0.0
0.0
-0.3333333333333335
-0.19999999999999973
-0.5
-0.5
-0.19999999999999996
0.0
0.0
0.40000000000000013
-0.9692307692307685
-0.33333333333333326
-0.75
-0.8167701863353993
-0.38043478260869446
-0.18478260869565122
-0.18478260869565122
-0.5739130434782598
-0.3804347826086947
-0.9927536231884044
-1.034782608695651
-1.1242236024844714
-0.36521739130434683
0.5
-0.7000000000000002
-0.8000000000000005
-0.8000000000000005
-1.266666666666667
-1.3272727272727267
0.13333333333333341
-1.1333333333333329
-1.1875
-0.8181818181818179
-0.46666666666666656
0.3999999999999999
-0.666666666666667
0.4
0.4285714285714286
-0.6785714285714284
-0.25
0.16666666666666674
-0.375
0.6666666666666667
0.16666666666666674
0.4
-1.1666666666666665
-0.23333333333333317
-0.708333333333333
0.08333333333333348
-0.33333333333333326
-0.5
0.04761904761904767
-0.714285714285714
-0.2857142857142856
-0.05714285714285694
2.220446049250313e-16
-0.33333333333333326
0.0
0.0
0.0
-1.2869047619047564
-0.4545454545454546
0.0
-0.3749999999999998
-0.9999999999999996
0.08333333333333337
-0.33333333333333326
0.07142857142857162
0.33333333333333337
-0.33333333333333326
-1.1000000000000005
-1.223529411764706
0.0
0.0
-0.25
-0.6666666666666665
-1.0666666666666664
-1.0
-0.16666666666666652
-0.5833333333333333
-0.33333333333333326
-0.33333333333333326
0.0
0.0
0.14285714285714302
-0.6499999999999999
0.3999999999999999
-0.8285714285714283
0.40000000000000013
-0.5714285714285712
-0.6428571428571426
-0.9714285714285713
-1.3025210084033612
-0.9333333333333331
-1.1
-0.49999999999999956
-1.2666666666666666
-0.9702380952380902
-0.2857142857142856
0.0
0.07142857142857162
0.40000000000000013
0.0
-0.9702380952380902
0.3333333333333335
0.0
1.4432899320127035e-15
-0.6666666666666665
-0.08333333333333326
-0.08333333333333326
-0.49999999999999933
-1.1428571428571423
-0.625
-0.9166666666666665
-1.2692307692307696
-0.5
-0.7714285714285716
-0.533333333333333
-0.5999999999999999
-0.9230769230769231
-0.43589743589743457
-1.1410256410256396
-0.5865384615384606
-0.7499999999999982
-1.521978021978021
-1.2923076923076908
-0.3076923076923064
-0.43589743589743457
-1.523076923076922
-1.2912087912087893
-1.1538461538461524
-0.7435897435897423
-1.1483516483516465
-1.256410256410255
-0.9230769230769211
-0.6153846153846141
-0.48076923076922995
-1.244343891402714
-1.423076923076922
-0.33333333333333326
-0.33333333333333304
-0.125
0.5
-0.5
0.0
0.5
0.5
2.220446049250313e-16
-0.2666666666666664
-1.5904761904761848
-0.23333333333333295
-0.8666666666666665
-0.34999999999999964
-0.9166666666666663
-0.4499999999999995
-0.1499999999999997
-0.533333333333333
-0.19999999999999973
0.5
0.0
0.30000000000000016
-0.04411764705882337
-0.33333333333333304
0.25
-0.375
0.0
0.0
0.19047619047619058
-0.42857142857142394
-0.8333333333333333
0.0
-0.583333333333333
-0.8999999999999999
-0.3333333333333328
-1.2792792792792809
-0.33333333333333326
0.2857142857142858
0.5
-0.9702380952380929
0.3999999999999999
-0.19999999999999996
0.0
0.33333333333333337
-0.4791666666666665
-1.1969696969696955
0.0
0.0
-0.2666666666666664
0.3999999999999999
-0.5714285714285707
0.0
0.33333333333333337
-0.8571428571428572
-0.6428571428571423
0.5
0.75
-0.6428571428571417
-0.12499999999999956
-0.21428571428571375
-0.49999999999999956
-0.32142857142857095
0.10416666666666696
-0.49999999999999956
0.10416666666666685
-1.3499999999999992
0.0
0.0
0.0
0.0
0.16666666666666685
0.0
0.5
0.11111111111111105
-0.2857142857142856
-0.06666666666666643
-0.375
-0.5833333333333333
-0.9583333333333333
-0.4999999999999998
-0.04166666666666652
-0.75
-0.9583333333333335
-0.5
-0.9499999999999986
-0.2857142857142856
0.3333333333333335
0.75
-0.033333333333333215
-1.65
2.220446049250313e-16
0.44999999999999996
0.125
0.125
-0.16666666666666652
0.33333333333333337
-0.3333333333333335
0.16666666666666674
0.06666666666666687
-0.04999999999999982
-0.44999999999999996
0.0
-0.9583333333333277
0.08333333333333337
0.16666666666666674
0.08333333333333348
-0.795454545454545
0.0
-0.45833333333333304
0.25
-0.16666666666666652
0.5
-0.9404761904761849
-0.03571428571428559
-1.1547619047619042
-0.8947368421052635
-1.1845238095238066
0.0625
-0.25
-0.5714285714285712
0.0
0.6666666666666667
0.5
-0.06060606060606055
-0.8392857142857117
-0.16666666666666652
-0.25
-0.75
-1.0
-1.5499999999999998
0.125
0.0
-0.8333333333333355
-0.9696969696969684
-0.30000000000000004
0.2222222222222221
0.08333333333333348
0.15555555555555567
0.2222222222222221
2.220446049250313e-16
-0.4166666666666663
-1.533333333333334
-0.4333333333333331
-1.0000000000000004
-0.47023809523809046
-0.40909090909090917
-1.0999999999999996
0.0
0.08333333333333337
-0.6458333333333328
-1.020833333333333
-0.24999999999999978
-0.7499999999999996
-0.9499999999999997
-0.4791666666666663
-0.6458333333333328
-0.6458333333333328
-0.6785714285714279
0.0
0.16666666666666685
0.25
-1.1999999999999997
2.220446049250313e-16
-0.19999999999999996
-0.16666666666666652
-0.045454545454545636
-0.045454545454545636
-0.6262626262626265
-0.16363636363636358
-0.27272727272727293
0.33333333333333337
0.33333333333333337
-0.9499999999999986
0.25
0.0
0.25
0.0
-0.33333333333333326
1.4432899320127035e-15
-0.33333333333333326
-0.33333333333333304
-0.5666666666666667
-1.047619047619047
0.19999999999999996
0.33333333333333337
0.0
-0.833333333333333
-0.8333333333333333
-0.6666666666666665
0.33333333333333337
-0.7954545454545443
-0.33333333333333304
-1.3666666666666667
-1.0
-0.5
-0.8000000000000007
-0.3428571428571425
-1.4918918918918922
-0.3999999999999999
-0.9333333333333331
-0.33333333333333326
0.0
-0.16666666666666652
-1.083333333333333
-0.7000000000000002
0.0
-0.875
-1.399999999999999
-0.9797297297297289
-0.21875
-0.4333333333333331
-0.0952380952380949
-0.5892857142857109
0.6666666666666667
-0.289473684210527
-0.2999999999999996
0.25
-0.13333333333333308
-0.19047619047619024
-0.5357142857142856
-0.23809523809523792
2.220446049250313e-16
-0.8
0.0
0.19999999999999996
-0.33333333333333326
-1.272727272727272
-0.8999999999999999
0.0
-0.25
0.25
0.0
-0.5000000000000002
-1.0000000000000004
-0.9000000000000001
-0.8333333333333333
-0.3999999999999999
-1.3666666666666663
-0.6666666666666665
-0.6666666666666667
0.0
-0.8333333333333326
0.0
-0.4761904761904763
-0.6130952380952392
-1.1726190476190532
-0.4821428571428579
-0.4285714285714286
-1.4063852813852873
-0.4166666666666674
-1.1190476190476248
-0.9880952380952441
-1.0630952380952423
-0.8571428571428599
-0.4166666666666674
-0.8988095238095288
-0.6250000000000002
-1.5773809523809597
-0.9404761904761938
-1.392857142857149
-0.4821428571428579
-1.4761904761904825
-1.051190476190481
-1.23928571428572
-0.8750000000000024
-0.8750000000000047
-1.4464285714285774
-0.5952380952380965
-0.9464285714285747
-1.3273809523809592
-1.2083333333333384
-1.160714285714291
-0.7261904761904783
-0.7261904761904783
-1.0119047619047667
-0.9404761904761942
-1.051190476190481
-1.3523809523809587
-0.9821428571428621
-0.8988095238095275
-0.8750000000000018
-1.5880952380952453
-1.2809523809523866
-0.47023809523809645
-0.6511904761904774
-1.2928571428571494
-0.6071428571428577
-0.577380952380953
-1.511904761904769
-0.9404761904761927
-1.1488095238095304
-1.0690476190476241
-0.9662698412698467
-1.4107142857142931
-1.4523809523809597
-1.2952380952381022
-1.559523809523816
-0.4166666666666674
-1.2440476190476253
-0.9702380952380989
-0.9345238095238138
-0.5773809523809537
-0.8809523809523832
-0.9702380952380993
-1.113095238095243
-0.5892857142857149
-0.5892857142857157
-0.666666666666667
-0.5595238095238093
-1.4166666666666723
-0.9404761904761934
-1.2500000000000058
-1.4821428571428634
-0.4285714285714286
-1.315476190476196
-0.7023809523809528
-0.9404761904761927
-0.8214285714285745
-0.7731092436974816
-0.6130952380952386
-1.0535714285714333
2.220446049250313e-16
-1.1419354838709666
-0.10000000000000009
-0.3999999999999997
-0.875
-0.7249999999999999
0.08333333333333348
0.0
-0.125
0.19999999999999996
-0.33333333333333304
-0.9139784946236551
0.05263157894736792
-0.7000000000000004
-0.8235294117647058
-0.3999999999999999
-0.25
-0.49999999999999933
-0.19999999999999973
-0.19999999999999973
-0.6428571428571423
-0.7
-0.7000000000000002
0.0
-0.19999999999999973
-0.06666666666666643
0.20000000000000007
0.125
0.16666666666666674
-0.625
-1.083333333333333
-0.6666666666666665
0.0
0.0
-0.6190476190476186
0.0
-0.9333333333333331
-0.9333333333333331
-0.19999999999999973
-0.19999999999999996
-1.2666666666666666
0.0
0.33333333333333337
0.33333333333333337
0.33333333333333337
0.20000000000000007
0.40000000000000013
0.25
-0.8999999999999999
-1.35
-0.9333333333333331
-0.6666666666666665
-0.19999999999999973
0.0
-0.2916666666666665
0.5
0.0
-0.5999999999999999
0.0
0.08333333333333348
-0.33333333333333326
-0.9999999999999998
-1.0
-0.33333333333333304
3.3306690738754696e-16
-0.033333333333333215
-0.1666666666666663
-0.4999999999999998
1.1102230246251565e-16
-0.12500000000000022
0.2333333333333334
0.19999999999999996
-0.7428571428571429
-0.9333333333333336
-1.35
-0.7749999999999999
0.0
1.1102230246251565e-16
-0.6000000000000001
-1.2666666666666666
-0.9333333333333336
-0.9333333333333331
-0.6666666666666665
0.0
0.16666666666666674
-0.42857142857142816
-0.6666666666666665
-0.1499999999999999
-0.3999999999999999
-0.19999999999999973
-0.6000000000000001
0.10000000000000009
-0.20000000000000018
0.6000000000000001
0.10000000000000009
-0.33333333333333304
0.0
-0.027272727272727337
-0.02499999999999991
0.33333333333333337
0.15000000000000013
-0.12456140350877076
0.1052631578947375
-0.2456140350877185
-0.07894736842105243
-0.2894736842105252
-0.33684210526315717
0.021052631578947767
0.3999999999999999
0.0
0.11428571428571432
-0.9444444444444438
-1.1666666666666656
-1.0555555555555545
-0.3333333333333328
-0.5555555555555551
-0.8888888888888882
-0.7222222222222214
-1.182539682539681
-1.0476190476190474
-0.857142857142857
-1.3361344537815123
-0.4285714285714286
-0.4285714285714284
-0.833333333333333
0.33333333333333337
-0.14285714285714257
-0.16666666666666652
0.33333333333333337
-0.4285714285714284
0.4761904761904765
0.4285714285714286
-0.4732142857142856
-0.8947368421052635
0.0
0.0
0.20000000000000007
-0.5833333333333333
-0.875
-0.6999999999999995
-0.5
0.04761904761904767
-0.2857142857142856
-0.1428571428571428
-0.7142857142857142
-0.2857142857142856
0.19047619047619047
-0.19999999999999973
0.33333333333333337
-0.5
-0.8499999999999999
0.0
-0.8181818181818179
-0.9692307692307709
-0.7948717948717945
-0.33333333333333304
-1.083333333333333
0.0
0.0
0.0
0.5
-0.43243243243243
-1.115942028985506
5.551115123125783e-16
5.551115123125783e-16
-0.7004830917874387
-1.2028985507246364
-1.2546583850931667
5.551115123125783e-16
5.551115123125783e-16
5.551115123125783e-16
-1.2463768115942022
-0.3188405797101441
0.0
-0.4107142857142856
-0.3250000000000002
-0.25
-0.5
0.5
0.0
-1.5250000000000008
-1.0749999999999997
0.0
0.20000000000000007
-0.5945945945945965
-0.6153846153846159
0.33333333333333337
0.0
-0.8000000000000005
0.0
0.19047619047619047
0.40000000000000013
-0.4999999999999998
-0.7857142857142856
0.0
0.2500000000000002
0.19047619047619047
-0.1428571428571428
-1.0714285714285707
-0.1428571428571428
-0.7333333333333334
-0.33333333333333304
-1.0071684587813614
-0.5
-0.5
0.20000000000000007
-0.03571428571428559
-0.7744360902255638
0.2857142857142858
0.5714285714285714
-0.22857142857142865
0.04761904761904767
-0.583333333333333
-1.25
-0.33333333333333304
-0.9333333333333331
0.5
-0.16842105263157903
0.3999999999999999
0.5
0.75
-0.8214285714285712
-0.5
-1.2777777777777777
-0.6000000000000001
0.19999999999999996
-1.3666666666666676
0.25
0.25
-1.0333333333333332
-1.0878378378378377
-0.7499999999999993
-0.19999999999999973
0.13333333333333341
-0.8666666666666667
-1.1333333333333333
-0.09999999999999987
7.771561172376096e-16
-0.4999999999999989
-0.31818181818181723
0.15151515151515205
-1.3272727272727254
-0.2727272727272718
7.771561172376096e-16
-0.8500000000000001
0.08333333333333348
-0.8333333333333335
6.661338147750939e-16
-0.4285714285714284
-1.0714285714285712
-1.0714285714285712
-0.8999999999999999
-0.5833333333333335
0.0
0.06666666666666665
-0.4166666666666665
0.05882352941176461
-0.8999999999999988
-1.333333333333333
-0.17857142857142838
0.25
-0.5833333333333335
0.125
0.75
-0.6857142857142855
-0.6428571428571428
-0.5428571428571427
-0.5
-0.7
-0.583333333333333
-1.1
0.25
0.33333333333333337
-0.5538461538461537
-1.2036199095022622
-1.1794871794871784
-0.6923076923076914
-1.0153846153846149
-0.3846153846153839
-0.6346153846153837
0.16666666666666674
1.1102230246251565e-16
-0.0952380952380949
-0.25
-0.583333333333333
2.220446049250313e-16
-0.8333333333333333
-1.0
-0.8333333333333333
0.0
-0.8947368421052628
0.0
0.0
-1.1714285714285713
-0.714285714285714
-1.095238095238095
2.220446049250313e-16
-0.16666666666666674
-0.7058823529411768
-0.8333333333333333
-0.33333333333333326
0.0
-0.06666666666666643
1.1102230246251565e-16
-1.1129032258064506
-0.833333333333333
-0.7142857142857142
-0.2857142857142856
-0.09523809523809512
0.2142857142857144
-0.371428571428571
-0.75
-1.083333333333333
-1.5833333333333335
-0.8571428571428572
-0.2857142857142856
0.23809523809523814
-0.3714285714285712
-1.35
-1.2777777777777777
-0.33333333333333326
-0.10714285714285698
-0.49999999999999956
-0.9215686274509804
2.220446049250313e-16
0.5
0.25
-1.125
0.125
6.661338147750939e-16
-0.019607843137254832
0.2222222222222221
-1.238095238095236
-1.133333333333331
-0.06666666666666599
-0.29999999999999916
-0.33333333333333237
-0.9333333333333305
-0.2499999999999991
-0.43333333333333224
-1.199999999999998
-0.3333333333333319
0.30000000000000004
-0.833333333333333
-0.1428571428571428
-0.3999999999999999
-1.0000000000000004
0.0
0.16666666666666674
0.33333333333333337
-0.6000000000000001
-0.8285714285714283
-0.5999999999999999
0.25
0.5
0.25
0.25
0.5
0.5
0.0
0.15000000000000013
-0.5
-1.5634615384615378
-0.375
-0.25
0.0
-0.9761904761904756
-0.404761904761904
0.05882352941176461
0.0
-0.625
-0.16666666666666652
2.220446049250313e-16
-0.8
-0.40000000000000013
-1.15
-0.75
0.08333333333333348
0.5
-0.44999999999999973
-1.1666666666666665
-0.583333333333333
0.0
-0.9230769230769216
-0.43181818181818055
0.0
-0.2666666666666666
-0.9999999999999998
0.06666666666666687
0.3333333333333335
-0.7954545454545441
0.33333333333333337
-0.3500000000000001
-0.783333333333333
0.04166666666666674
1.1102230246251565e-16
-0.45833333333333326
0.25
-0.16666666666666652
0.33333333333333337
0.04761904761904778
0.16666666666666674
0.0
-0.8774193548387093
-1.35
-0.8999999999999999
0.0
2.220446049250313e-16
0.12857142857142867
-0.1666666666666663
-0.33333333333333304
-1.0666666666666664
0.0
-0.6333333333333331
-0.7000000000000002
-0.5333333333333332
-0.75
-0.5999999999999996
0.0
-0.1785714285714286
-0.5
0.0
-0.6666666666666665
-0.8333333333333333
-1.1333333333333333
-0.47619047619047583
2.220446049250313e-16
-0.47619047619047583
-0.2142857142857142
0.16666666666666674
-1.1583333333333328
0.0
-0.17460317460317443
-0.5555555555555554
-0.6000000000000001
-0.2857142857142856
-0.24999999999999956
-1.0999999999999996
-0.4285714285714275
-1.285714285714283
-0.9404761904761889
-0.5595238095238078
-0.23809523809523703
-0.4464285714285694
-0.8095238095238086
7.771561172376096e-16
-0.5380952380952364
-1.369047619047616
-0.6428571428571419
-0.7857142857142843
-0.5476190476190455
-0.4642857142857135
-0.8904761904761889
-0.5892857142857135
-0.4285714285714277
-0.7380952380952368
-1.1008403361344525
-0.5764705882352934
-0.6470588235294112
-0.4705882352941173
-0.6029411764705876
-0.7294117647058815
-1.0980392156862737
-0.5784313725490191
-0.7058823529411753
-0.06666666666666643
-0.8571428571428568
-1.3235294117647047
-0.9647058823529406
-0.4705882352941171
-0.1111111111111105
-0.7205882352941173
-1.27205882352941
-0.08823529411764652
-0.4705882352941171
0.33333333333333337
-0.9333333333333331
-0.33333333333333326
0.0
0.16666666666666674
-0.6666666666666663
-0.8500000000000003
-1.0216216216216236
0.30000000000000004
0.25
-0.5999999999999996
-0.33333333333333326
0.06666666666666665
0.08333333333333348
0.0
0.0
-0.875
0.5
-0.17708333333333326
-1.1714285714285713
-0.533333333333333
-0.9500000000000002
-1.2749999999999995
-1.1666666666666665
-1.0333333333333332
-1.4761904761904754
-0.7499999999999996
-0.9166666666666661
-0.7333333333333332
0.0
0.04166666666666674
0.33333333333333337
0.33333333333333337
2.220446049250313e-16
0.5
-0.25
1.1102230246251565e-16
0.08333333333333348
-0.25
0.0
-0.5
-1.3513513513513504
-1.225
2.220446049250313e-16
-0.33333333333333304
0.0
-0.4999999999999998
-0.16666666666666652
-1.166666666666666
-0.9999999999999996
0.0
-1.2688172043010746
0.33333333333333337
0.25
-0.7419354838709669
-1.0774193548387085
-1.1142857142857139
-0.3428571428571425
-0.33333333333333304
-0.2666666666666666
0.0
0.33333333333333337
-0.5555555555555558
0.11111111111111094
-2.220446049250313e-16
-1.2000000000000002
-1.2666666666666662
0.03333333333333355
1.1102230246251565e-16
-0.6000000000000003
-1.0333333333333332
-0.25
-0.33333333333333326
0.0
0.03333333333333344
0.0
-0.875
-1.0476190476190474
0.16666666666666674
-0.989473684210525
-0.17105263157894668
-0.8947368421052615
6.661338147750939e-16
-0.35087719298245523
-1.1754385964912268
-1.0175438596491215
-1.0601503759398478
0.19999999999999996
0.19047619047619058
0.0
-1.469230769230768
0.0
-0.75
-1.337837837837836
-0.8378378378378364
-1.2243243243243231
-0.7567567567567568
1.7763568394002505e-15
1.7763568394002505e-15
-0.972972972972973
-1.329729729729729
-1.238738738738737
-0.8243243243243235
-0.5945945945945936
1.7763568394002505e-15
1.7763568394002505e-15
-1.4324324324324307
-0.45945945945945765
-0.5945945945945927
-1.2792792792792782
-0.4594594594594579
-0.9189189189189177
-1.0067567567567552
-1.5378378378378357
-0.628378378378377
-1.3783783783783767
1.7763568394002505e-15
-0.9297297297297284
-1.6396396396396362
-0.7117117117117115
-0.5945945945945936
-0.9729729729729735
0.20000000000000007
-0.5499999999999998
-0.3666666666666667
0.20000000000000018
-0.7636363636363637
-1.1058823529411757
-0.6862745098039207
-0.8235294117647054
-1.1568627450980382
-0.5882352941176465
-0.49019607843137214
-0.01960784313725461
-0.7754010695187161
-1.2000000000000002
-1.4384615384615373
-1.0
-0.5714285714285712
2.220446049250313e-16
0.5
-0.4999999999999998
0.16666666666666685
-0.16666666666666652
0.19999999999999996
-0.4444444444444442
-1.4769230769230761
0.11428571428571432
-0.7333333333333334
0.19999999999999996
0.0
-0.5647058823529414
-0.2916666666666665
-0.125
-0.5
0.25
-0.75
-0.3999999999999999
1.1102230246251565e-16
-0.75
-0.16176470588235303
-0.16176470588235303
-0.9107142857142858
-0.5357142857142856
0.0
-0.44999999999999996
-0.4285714285714284
-0.18749999999999978
-0.8839285714285707
-0.7678571428571426
-0.37499999999999933
-0.8958333333333328
-0.6874999999999996
-0.37499999999999956
-0.2916666666666665
0.0
0.0
0.3333333333333335
0.19999999999999996
0.16666666666666674
-0.5416666666666663
-0.125
0.6000000000000001
-0.4999999999999998
0.16666666666666685
-0.08571428571428563
-0.3999999999999999
-0.2777777777777777
0.11111111111111105
-0.16666666666666652
-0.7777777777777775
-0.49999999999999956
-0.07142857142857095
-0.42857142857142794
-0.21428571428571375
-0.5238095238095233
0.0
-0.5166666666666664
-0.03333333333333299
-0.9999999999999996
-0.7333333333333332
-0.533333333333333
-0.4499999999999995
0.16666666666666674
0.41666666666666663
0.05882352941176461
0.25
-0.25
-0.5392156862745097
0.3333333333333336
0.0
0.5
-0.15686274509803932
-0.08333333333333304
-0.5454545454545452
-0.6999999999999997
-0.3428571428571425
-0.5882352941176467
0.5
-0.833333333333333
-0.6666666666666665
0.10000000000000009
0.04761904761904767
0.25
-0.59375
-0.24999999999999978
-0.5333333333333332
-1.2604166666666665
-0.5833333333333333
-0.16666666666666652
-0.34999999999999987
-0.9642857142857142
-0.33333333333333304
-0.7000000000000002
-0.1499999999999999
-0.25
-0.875
-0.5
-0.5666666666666664
-1.507575757575757
-0.6979166666666665
-0.24999999999999956
-1.34375
-0.33333333333333326
1.1102230246251565e-16
0.08333333333333337
0.16666666666666685
-0.16666666666666652
-1.0833333333333326
0.0
0.20000000000000007
-1.2000000000000002
-0.9272727272727275
0.0
-0.6363636363636365
0.33333333333333337
-0.9749999999999994
-0.8409090909090897
-0.8636363636363622
-0.43181818181818055
-1.0590909090909073
-0.9545454545454528
-0.38636363636363513
-1.15151515151515
-0.9545454545454528
-0.7727272727272712
-1.2727272727272716
-0.863636363636362
-1.0151515151515134
-1.0818181818181802
-0.43181818181818055
-1.1287878787878776
-1.5954545454545457
0.5
-1.492307692307691
-1.35
0.0
-0.3999999999999999
-0.25
-0.19999999999999973
0.0
-0.06666666666666643
-0.375
-0.25
-0.375
-0.2999999999999998
0.25
-0.9000000000000001
-1.4375
-0.1333333333333333
-0.7818181818181822
0.0
0.08333333333333337
-0.93421052631579
-0.8333333333333335
-0.6666666666666663
-0.6666666666666663
-1.083333333333333
-0.32499999999999973
-0.20000000000000018
0.10000000000000009
0.06666666666666687
0.20000000000000018
0.33333333333333337
0.3333333333333335
-0.7749999999999997
-1.2000000000000002
-0.6428571428571426
-0.8214285714285714
-1.3133640552995383
-0.8333333333333333
-0.40625
-0.5624999999999998
-0.5
-0.6153846153846159
1.1102230246251565e-16
-0.375
-1.5499999999999998
-1.0230769230769239
-1.1846153846153844
0.3333333333333335
-0.16666666666666652
-0.8564102564102569
-0.6153846153846159
0.0
0.33333333333333337
0.08571428571428585
-0.33333333333333304
-0.9285714285714279
0.0
0.33333333333333337
0.05555555555555536
0.11111111111111105
-0.8888888888888888
-0.7777777777777777
-0.9833333333333327
-0.3333333333333335
-0.6388888888888886
-0.08333333333333326
-0.466666666666667
0.0
-1.682142857142856
-0.5535714285714279
-0.09523809523809468
0.0
-0.125
-0.9000000000000001
-0.5333333333333332
0.0
1.1102230246251565e-16
-1.4444444444444442
-0.1666666666666663
0.16666666666666685
-0.9749999999999999
-0.2666666666666664
-0.875
-1.4642857142857144
0.0
0.2500000000000002
-0.8709677419354824
-0.575
-0.8
-0.9333333333333331
-1.333333333333333
-0.04999999999999982
-0.4333333333333331
-0.4333333333333331
1.1102230246251565e-16
-0.9032258064516112
-1.1075268817204282
-1.2043010752688152
-0.40322580645161166
-0.9139784946236542
-1.3387096774193532
-1.2741935483870948
0.0
-0.5833333333333333
-0.7857142857142851
-0.6666666666666663
-0.33333333333333304
-0.6666666666666663
-0.3846153846153848
-0.7179487179487176
0.0
-0.2857142857142856
-0.24999999999999978
-0.7857142857142854
-1.446153846153846
-1.3461538461538458
-0.7692307692307683
-0.5333333333333332
-0.6000000000000001
-1.35
0.40000000000000013
0.0
0.40000000000000013
0.16666666666666674
0.5000000000000001
-0.09999999999999987
0.3333333333333335
0.3333333333333335
0.03333333333333344
-0.03333333333333299
-0.3999999999999997
0.050000000000000155
0.08333333333333348
0.08333333333333348
-0.40000000000000013
-0.16666666666666652
0.03333333333333355
-1.1805555555555554
-0.8055555555555556
-0.9999999999999998
-1.095238095238095
0.11111111111111116
0.125
-0.5
-1.0
-0.6666666666666663
0.0
0.16666666666666674
0.33333333333333337
-0.6000000000000001
-0.6166666666666663
-0.08333333333333326
-1.1833333333333327
-0.08333333333333326
-0.030303030303030054
-1.1333333333333329
-1.1142857142857139
-1.0666666666666664
-0.33333333333333304
-0.1428571428571428
0.6
-1.1142857142857143
0.1714285714285717
0.4285714285714286
-1.4000000000000004
-1.1730769230769207
-0.9692307692307671
-0.4538461538461507
2.1094237467877974e-15
-0.9692307692307667
-0.9692307692307673
-0.9692307692307671
-0.9692307692307671
-1.0346153846153823
-1.5538461538461514
-1.2871794871794857
-1.5173076923076896
-1.4692307692307671
-1.1423076923076896
-1.611538461538459
-0.9230769230769202
-1.2615384615384588
-1.111538461538459
2.1094237467877974e-15
-1.3025641025641015
2.1094237467877974e-15
-1.2410256410256393
-0.984615384615382
-0.25
-1.1
-0.33333333333333304
-0.19999999999999996
0.19999999999999996
-0.33333333333333326
-1.0
-0.2916666666666661
-0.5749999999999995
-0.31249999999999933
-0.7499999999999998
-0.37499999999999956
-1.2430555555555545
-0.9583333333333328
-0.8749999999999993
-0.6874999999999996
-0.2916666666666663
-1.1458333333333326
0.33333333333333337
-0.1333333333333333
0.0
0.33333333333333337
-1.1833333333333336
0.050000000000000044
-0.7083333333333333
-1.025
-0.6000000000000001
-0.714285714285714
-0.033333333333333215
0.33333333333333337
-0.9333333333333331
-0.4999999999999998
-1.2380952380952377
-1.1666666666666665
-1.333333333333333
0.0
-0.9375
-0.2500000000000002
-0.75
1.1102230246251565e-16
-0.25
-1.283333333333331
-0.9499999999999975
-0.7499999999999978
-0.9499999999999975
-0.49166666666666603
-1.449999999999997
-1.0999999999999979
-0.3999999999999986
-1.1999999999999975
0.33333333333333337
1.1102230246251565e-16
-0.5500000000000003
0.0
-0.4562499999999994
-0.4687499999999991
-0.1770833333333326
0.40000000000000013
-0.3333333333333335
-0.6666666666666665
-0.9523809523809521
-0.25
0.0
-0.04166666666666652
0.33333333333333337
2.220446049250313e-16
0.0
-1.2999999999999998
0.6666666666666667
-0.8596491228070176
-0.25
-0.25
0.25
0.25
-0.4999999999999998
0.20833333333333337
0.025000000000000022
0.06666666666666654
0.06666666666666654
-0.8500000000000001
0.40000000000000013
-0.25
3.3306690738754696e-16
-0.6000000000000001
-0.43333333333333357
0.0
0.0
-0.050000000000000044
-0.5
-0.0952380952380949
-0.0952380952380949
0.5000000000000001
-0.5833333333333333
0.08333333333333393
-0.6000000000000001
-0.04999999999999982
0.0
-0.5
-0.25
-0.25
0.0
-0.16666666666666652
-0.5666666666666669
0.3333333333333336
0.3142857142857144
0.3214285714285714
-0.07142857142857117
0.475
-1.25
0.25
-1.5
0.23809523809523814
-0.7894736842105263
-1.0751879699248121
-0.833333333333333
-0.4500000000000002
0.5
0.0
-0.6666666666666665
1.1102230246251565e-16
0.16666666666666685
0.16666666666666685
-0.9047619047619049
0.3571428571428572
-0.1666666666666663
-0.8333333333333333
-0.7142857142857142
-0.6470588235294119
-0.705882352941176
-0.8823529411764699
-0.952941176470588
0.0
-0.06666666666666643
-0.125
-0.375
-0.5
-1.2000000000000002
-0.7333333333333332
-0.833333333333333
-0.7749999999999999
0.0
-0.47368421052631615
0.0
0.30000000000000004
-0.8928571428571428
2.220446049250313e-16
-0.8736842105263161
0.13333333333333353
-0.375
-0.08333333333333326
-0.375
-1.1263157894736833
-0.8421052631578938
-0.964912280701753
-1.1754385964912268
-0.6000000000000003
0.0
-1.1
0.13333333333333353
-0.3666666666666665
-0.9333333333333331
0.0
0.0
-0.33333333333333304
-0.5999999999999999
-0.3214285714285712
-0.2857142857142856
0.1071428571428572
0.20000000000000007
-0.3999999999999999
-0.9999999999999996
0.375
0.6000000000000001
0.375
0.4750000000000001
0.25
-0.6666666666666667
-0.7083333333333335
0.33333333333333337
-0.8333333333333335
0.0
-0.9999999999999998
-0.08333333333333326
-0.21212121212121215
-2.220446049250313e-16
-0.7402597402597404
0.17142857142857149
-0.6666666666666663
-0.5
-0.40000000000000013
0.10000000000000009
-0.25
0.25
-1.0714285714285712
-1.314285714285714
-0.2857142857142856
-0.35714285714285676
-0.21428571428571375
-0.6428571428571423
0.6666666666666667
-1.2777777777777777
0.0
0.33333333333333337
0.25
-0.25
-0.8333333333333335
-0.7222222222222219
-0.16666666666666652
0.0
-0.7333333333333332
-0.04761904761904745
0.0
-0.33333333333333304
0.33333333333333337
0.08333333333333337
-0.09999999999999964
0.0
-0.6666666666666665
0.0
1.1102230246251565e-16
-0.33333333333333326
-1.2142857142857144
0.3333333333333335
0.0
0.0
0.33333333333333337
0.0
-0.9999999999999996
0.16666666666666685
-1.1555555555555554
0.3333333333333335
-0.19999999999999996
0.25
-0.25
-0.5
0.23809523809523814
0.20000000000000018
0.20000000000000018
0.3333333333333335
-0.19999999999999996
-0.030303030303030276
0.25
-0.21428571428571397
-0.21428571428571397
-0.30952380952380887
-0.04761904761904723
0.33333333333333337
0.33333333333333337
-0.2999999999999998
0.0
0.6000000000000001
-0.5454545454545456
-0.2954545454545454
-0.48484848484848464
-0.31249999999999933
-0.2916666666666663
3.3306690738754696e-16
-0.25
-0.20000000000000018
0.2500000000000001
0.25
0.0
0.0
-0.33333333333333304
0.0
1.1102230246251565e-16
0.0
0.0
0.0
0.0
0.33333333333333337
-0.16666666666666652
-0.08333333333333326
-0.16666666666666652
-0.2666666666666666
-1.0
-0.33333333333333326
-0.25
-0.375
-0.375
-0.8181818181818179
-0.5
0.25
-0.25
0.0
0.08333333333333337
0.0
-0.25
1.1102230246251565e-16
-0.09523809523809512
0.33333333333333337
-0.5
0.20000000000000007
0.10000000000000009
-0.7333333333333334
-0.33333333333333326
-0.02857142857142847
0.0
-0.5999999999999999
0.0
0.0
0.0
0.3333333333333335
0.0
0.33333333333333337
0.33333333333333337
0.0
-0.5999999999999999
0.0
0.0
0.0
0.0
0.0
0.5
0.0
0.0
0.0
0.0
0.0
0.0
0.0
0.40000000000000013
-0.733333333333333
3.3306690738754696e-16
-0.1190476190476184
-0.2380952380952377
-0.23809523809523747
0.6666666666666667
0.20000000000000007
0.0
0.33333333333333337
0.5
0.5
