-0.19999999999999973
0.6666666666666667
0.6666666666666667
0.20000000000000018
0.3666666666666667
2.220446049250313e-16
2.220446049250313e-16
0.7142857142857143
0.20000000000000018
-0.1428571428571428
2.220446049250313e-16
0.8333333333333334
-0.16666666666666652
5.551115123125783e-16
0.16666666666666674
-0.16666666666666652
4.440892098500626e-16
0.16666666666666674
0.3666666666666668
0.02380952380952428
0.16666666666666674
0.5714285714285714
0.6666666666666667
0.09999999999999998
0.7142857142857143
0.14285714285714313
-0.05714285714285694
0.4761904761904763
1.1102230246251565e-16
0.33333333333333337
0.6666666666666667
1.1102230246251565e-16
0.16666666666666674
0.6666666666666667
0.19999999999999996
0.3666666666666667
0.43333333333333335
0.6666666666666667
0.40000000000000013
0.25
0.3333333333333336
-0.16666666666666674
0.08333333333333337
0.5
0.3666666666666667
0.6000000000000001
0.19999999999999996
0.8
0.30000000000000004
0.16666666666666685
0.6666666666666667
0.3666666666666668
-0.16666666666666652
-0.33333333333333326
0.6000000000000001
0.5
0.19999999999999996
0.0
-0.16666666666666674
0.30000000000000004
0.6666666666666667
0.0
0.19999999999999996
0.16666666666666674
-0.033333333333333215
0.3666666666666668
0.6666666666666667
0.6666666666666667
0.16666666666666674
-0.16666666666666652
0.6
0.3666666666666667
0.03333333333333344
-0.033333333333333215
0.6666666666666667
-0.16666666666666652
0.03333333333333355
0.16666666666666674
-0.033333333333333215
0.3666666666666668
0.0
0.7142857142857143
3.3306690738754696e-16
0.20000000000000018
-0.19999999999999973
-0.16666666666666674
0.03333333333333344
0.6666666666666667
0.6666666666666667
0.6
-0.833333333333333
0.33333333333333337
0.33333333333333337
0.5
