2.220446049250313e-16
-0.3333333333333328
-0.3333333333333328
-0.16666666666666652
0.16666666666666674
0.0
-0.26388888888888884
0.0
-0.25
-0.050000000000000044
-0.7749999999999999
-0.9285714285714284
-0.2749999999999999
-0.03571428571428559
-0.19999999999999996
-0.24999999999999978
-0.5
-0.5833333333333333
0.16666666666666663
-0.5000000000000002
0.06666666666666687
1.1102230246251565e-16
0.2857142857142857
0.25
0.0
0.19444444444444464
0.4285714285714287
0.5
3.3306690738754696e-16
0.11904761904761951
2.220446049250313e-16
0.38888888888888906
0.3999999999999999
-0.6000000000000001
-0.20000000000000018
-1.1
-0.48571428571428554
-0.055555555555555136
-0.5333333333333332
-0.2878787878787876
-0.18181818181818166
0.2666666666666667
0.75
-0.1428571428571428
-0.23809523809523792
0.2857142857142858
0.4444444444444444
-0.8666666666666663
0.4
0.06666666666666665
1.1102230246251565e-16
1.1102230246251565e-16
-0.15277777777777746
-0.2916666666666665
0.375
0.03571428571428581
0.5555555555555556
0.16666666666666663
-0.24999999999999978
0.3666666666666668
-0.11666666666666647
0.2045454545454548
0.1250000000000001
0.04166666666666663
-0.07142857142857162
-0.04761904761904745
0.16666666666666652
1.1102230246251565e-16
0.2142857142857143
-0.1428571428571428
0.1168831168831167
2.220446049250313e-16
-0.17142857142857126
-0.05555555555555536
0.2666666666666667
0.12121212121212122
0.25
0.28571428571428614
0.0
-0.3333333333333335
-0.3333333333333335
0.0
-0.2222222222222221
-0.5714285714285714
0.23809523809523825
0.523809523809524
0.1428571428571429
0.4415584415584417
0.28571428571428603
0.0
-0.03571428571428559
-0.19999999999999973
-0.44444444444444464
-0.22222222222222232
-0.3055555555555556
-0.33333333333333326
-0.0793650793650793
0.16666666666666685
-0.2666666666666666
-0.13636363636363624
0.36363636363636365
0.03333333333333344
-0.2857142857142856
0.030303030303030276
-0.1333333333333333
0.22222222222222243
0.36363636363636365
0.2333333333333334
0.33333333333333337
0.40000000000000013
0.40000000000000013
0.0
-0.16666666666666652
0.0
-0.4761904761904763
-0.02020202020202011
-0.22222222222222188
-0.4166666666666665
-0.33333333333333326
0.033333333333333326
0.0
1.1102230246251565e-16
0.3727272727272728
0.17500000000000004
-0.25
-0.014285714285714235
-0.014285714285714235
-0.1454545454545455
-0.30000000000000004
-0.30000000000000027
-0.45454545454545414
-0.5714285714285712
-0.5178571428571428
-0.19999999999999973
-0.11363636363636354
0.01298701298701288
-0.09090909090909105
-0.696969696969697
-0.1428571428571428
-0.125
0.0
0.0
-0.4444444444444442
-0.125
0.40000000000000013
0.3111111111111111
0.5
-0.5952380952380947
-0.35714285714285676
-0.2142857142857142
-0.11688311688311703
0.2727272727272727
-0.05454545454545445
0.0
0.0
-0.3857142857142859
-0.09999999999999987
1.1102230246251565e-16
-0.04761904761904767
