-0.9166666666666665
0.14393939393939437
0.14393939393939403
0.15151515151515182
0.15151515151515182
-0.95
-1.068181818181818
0.13333333333333353
-0.7651515151515147
-0.33333333333333326
0.20000000000000018
0.16666666666666674
0.3484848484848485
-0.4393939393939388
0.6000000000000001
0.431818181818182
0.5000000000000002
-0.7666666666666666
0.3333333333333338
-0.49999999999999956
0.43333333333333335
0.45000000000000007
0.5151515151515152
-0.583333333333333
0.33333333333333337
0.22727272727272751
-0.19999999999999973
0.2500000000000001
0.16666666666666696
0.446969696969697
0.23484848484848497
-0.439393939393939
-0.5227272727272727
0.41666666666666674
0.06818181818181845
0.25
-0.283333333333333
-1.1833333333333331
0.18939393939393967
0.31666666666666665
-0.6499999999999997
0.4242424242424243
0.5075757575757577
0.1818181818181821
0.1590909090909094
0.2500000000000001
-0.6969696969696966
0.4545454545454545
0.4545454545454545
0.5454545454545454
-0.31313131313131315
0.290909090909091
-0.36363636363636376
0.3727272727272726
0.2727272727272727
-0.43636363636363673
0.3833333333333333
0.033333333333333326
0.18333333333333324
0.07575757575757569
0.2803030303030304
0.44696969696969735
-0.4722222222222221
-0.33333333333333326
0.3484848484848486
0.1333333333333333
-0.6666666666666665
0.3484848484848485
0.41666666666666674
0.34090909090909105
-0.8030303030303025
-0.6333333333333335
0.24242424242424276
0.4015151515151516
-0.4444444444444444
0.34090909090909105
0.06818181818181857
0.34090909090909116
0.46969696969696983
0.4318181818181819
-0.7045454545454541
0.39393939393939414
-0.6136363636363635
0.6666666666666667
0.24242424242424276
-0.6060606060606057
0.3666666666666668
0.5
-0.09090909090909105
0.36363636363636354
0.6363636363636362
-0.23636363636363633
0.5454545454545454
0.5454545454545454
0.36363636363636354
0.5454545454545454
-0.49494949494949503
0.5454545454545454
0.09090909090909072
-0.18181818181818188
0.6363636363636362
0.49090909090909096
-0.8181818181818186
0.19999999999999962
0.14393939393939403
-0.20000000000000018
-0.30000000000000027
-0.9545454545454546
0.36363636363636354
0.36363636363636354
0.3727272727272728
0.3727272727272727
0.3545454545454544
0.30000000000000004
0.5
0.10000000000000009
0.13333333333333353
-0.12222222222222179
0.009090909090909038
0.1888888888888891
-0.37500000000000044
-0.46666666666666656
-0.6818181818181819
0.30000000000000004
-0.7636363636363637
0.1636363636363638
0.4
-0.027272727272727337
-0.2250000000000001
0.3999999999999999
0.31818181818181834
0.22222222222222254
0.41666666666666674
0.36363636363636354
0.36363636363636354
-1.0909090909090913
0.18181818181818166
0.2727272727272726
0.2727272727272726
0.36363636363636354
-0.8181818181818183
-0.3666666666666667
0.30000000000000004
0.4363636363636364
0.009090909090909038
0.30000000000000004
0.30000000000000004
0.43333333333333346
0.30000000000000004
0.34848484848484873
0.3484848484848486
0.41666666666666685
0.2575757575757578
-0.9469696969696966
-0.9621212121212119
0.24242424242424254
0.3333333333333337
-0.6969696969696966
-0.909090909090909
0.2727272727272726
-0.9999999999999998
0.5363636363636365
-0.5454545454545456
-0.6363636363636362
0.38181818181818183
0.5151515151515151
0.2727272727272726
0.36363636363636354
-0.5181818181818183
0.09090909090909072
0.4545454545454545
0.4545454545454545
0.19090909090909103
0.24545454545454548
0.3727272727272727
-0.4545454545454546
0.36363636363636354
0.6363636363636362
-0.3068181818181821
-2.220446049250313e-16
-0.18181818181818188
0.4636363636363636
0.2727272727272726
0.36363636363636365
0.28181818181818175
0.4545454545454545
0.4545454545454545
-0.29090909090909123
0.6363636363636362
-0.3977272727272725
-0.4545454545454546
0.4545454545454545
0.5454545454545454
0.3909090909090909
0.4727272727272729
-1.6363636363636367
-0.4772727272727275
0.18181818181818166
0.36363636363636354
0.18181818181818166
-0.38181818181818183
0.4545454545454545
0.2727272727272726
0.3363636363636363
0.46363636363636374
0.4545454545454545
-0.6363636363636365
-0.5454545454545459
0.2727272727272726
0.5454545454545454
0.4545454545454545
0.3727272727272728
0.6363636363636362
-0.2727272727272727
-0.7272727272727275
0.36363636363636354
0.4545454545454545
0.36363636363636354
0.5454545454545454
0.6363636363636364
0.3999999999999999
-0.1818181818181821
-0.2323232323232327
0.2727272727272725
0.23484848484848486
-0.2727272727272727
-0.9363636363636365
-0.022222222222222143
-0.12222222222222179
-0.6181818181818186
0.2909090909090908
-0.5727272727272725
-0.6727272727272726
0.07777777777777795
-0.6818181818181819
0.44545454545454544
0.4545454545454545
0.5454545454545454
-0.9621212121212126
0.5454545454545454
0.4636363636363636
0.4636363636363636
-1.0
0.4545454545454545
-0.8545454545454547
0.08181818181818179
0.19090909090909092
-0.02857142857142847
0.4727272727272728
0.054545454545454564
0.22222222222222232
0.4727272727272728
0.4545454545454545
-0.2020202020202022
0.4545454545454545
0.4545454545454545
0.36363636363636354
0.36363636363636354
0.28181818181818186
-1.141414141414141
0.2222222222222222
0.16161616161616155
-0.6262626262626265
0.33333333333333326
-0.7555555555555553
0.5454545454545454
0.4545454545454545
-0.35064935064935066
0.2727272727272726
0.5454545454545454
-0.09090909090909105
-0.4545454545454546
-0.4545454545454546
0.7272727272727272
0.3090909090909091
0.4545454545454545
-0.4545454545454546
-0.9898989898989903
0.2727272727272726
0.4545454545454545
-0.5454545454545456
0.49090909090909085
0.49090909090909085
-0.27272727272727293
-0.5454545454545456
0.4545454545454545
0.09090909090909072
0.5454545454545454
-0.09090909090909105
0.4545454545454545
0.28181818181818163
-0.27272727272727293
0.18181818181818166
0.5454545454545454
0.4545454545454545
0.4545454545454545
-0.8181818181818183
0.2727272727272726
0.4545454545454545
0.2727272727272726
0.5636363636363636
0.5454545454545454
0.5454545454545454
0.6
0.6
0.5636363636363637
-0.4545454545454548
-0.09090909090909083
0.3909090909090909
0.4545454545454545
0.18181818181818188
-0.3818181818181823
0.2909090909090909
-0.36363636363636376
0.36363636363636354
0.36363636363636354
-0.5454545454545456
0.4818181818181818
0.2909090909090907
-0.6931818181818181
-0.2727272727272725
-0.3999999999999999
-0.375
0.5454545454545454
-0.5454545454545459
0.4545454545454545
-0.5909090909090913
0.5545454545454546
0.7272727272727273
0.5454545454545454
-0.2727272727272727
0.09090909090909083
0.2363636363636361
0.1909090909090907
0.28282828282828254
0.36363636363636354
-0.08181818181818179
0.36363636363636354
-0.6363636363636367
0.5454545454545454
0.18181818181818166
-0.6636363636363638
-1.0
0.2727272727272726
0.4545454545454545
0.2727272727272726
0.36363636363636354
0.18181818181818166
0.34545454545454557
0.17272727272727273
-0.46666666666666656
0.3999999999999999
0.45000000000000007
-0.15584415584415567
-0.6285714285714283
-0.5714285714285716
0.09090909090909072
-0.7272727272727275
-0.4545454545454548
0.33333333333333315
-0.6363636363636362
0.18181818181818166
0.3363636363636363
0.18181818181818166
0.23636363636363633
0.2727272727272726
0.2727272727272726
0.1636363636363639
-0.4545454545454548
0.4545454545454545
0.5545454545454546
0.6454545454545454
0.5454545454545454
-0.6363636363636362
0.4545454545454545
0.15909090909090928
0.4242424242424242
0.6363636363636362
0.2727272727272726
0.24242424242424265
0.36363636363636354
-0.6363636363636365
0.5454545454545454
0.2727272727272726
-0.5454545454545456
0.4545454545454545
0.4545454545454545
-0.7272727272727273
-0.5378787878787878
0.25454545454545463
0.2727272727272726
0.36363636363636354
0.6363636363636362
0.09090909090909072
0.2727272727272726
-0.5545454545454545
-0.9090909090909094
0.5984848484848485
0.3257575757575759
0.5454545454545454
0.6363636363636362
-0.27272727272727293
0.43939393939393945
0.6363636363636362
0.5454545454545454
-0.2727272727272727
-0.38383838383838387
-0.13131313131313127
-0.18181818181818166
0.33333333333333337
0.5454545454545454
0.4545454545454545
0.5454545454545454
-1.245454545454546
0.4818181818181817
0.36363636363636354
-0.5999999999999996
0.1909090909090908
0.4636363636363636
0.2909090909090909
0.36363636363636354
0.4
-0.9000000000000001
0.25
0.4015151515151518
0.431818181818182
-0.6363636363636362
0.41666666666666674
0.5075757575757578
0.3484848484848486
-0.40000000000000013
0.3727272727272728
0.7
0.6
0.5454545454545454
-0.4545454545454548
0.3909090909090909
0.44545454545454555
-0.30000000000000027
0.28181818181818197
0.25454545454545463
0.290909090909091
0.42727272727272736
0.28181818181818186
0.3999999999999999
0.4
-1.0636363636363635
0.29999999999999993
0.3363636363636364
0.2909090909090908
0.3363636363636364
0.4
-0.1499999999999999
-0.1777777777777776
-0.8666666666666667
-0.3749999999999998
-0.8999999999999997
-0.8363636363636364
-0.7386363636363633
0.1250000000000001
-0.36363636363636354
-0.17045454545454541
-0.125
-0.27500000000000013
0.2727272727272726
-0.42727272727272747
0.36363636363636354
-0.9090909090909092
0.36363636363636365
-1.0000000000000004
0.3727272727272727
0.4545454545454545
0.2727272727272726
0.18181818181818166
0.4545454545454547
-0.4909090909090916
-0.9191919191919189
-0.28282828282828265
-0.36111111111111094
-0.7474747474747472
-0.28888888888888875
0.18181818181818166
0.18181818181818166
-0.7272727272727273
-0.27272727272727293
0.18181818181818166
0.4545454545454545
0.5454545454545453
0.4363636363636366
0.4727272727272728
-0.27272727272727293
0.36363636363636354
0.18181818181818177
0.18181818181818166
0.3545454545454545
-0.6136363636363638
0.431818181818182
0.42424242424242453
0.33333333333333337
-0.33333333333333326
0.3484848484848486
0.5984848484848486
0.5454545454545454
0.390909090909091
0.4545454545454545
-0.8181818181818186
-0.7272727272727275
-0.7045454545454548
-2.220446049250313e-16
-0.7272727272727273
-0.6818181818181817
0.36363636363636354
0.5454545454545454
-0.581818181818182
0.28181818181818186
-0.9545454545454541
0.5
0.4545454545454545
0.2727272727272726
0.4454545454545451
-0.7196969696969695
0.16363636363636336
-0.4545454545454548
-0.7272727272727275
0.5454545454545454
0.3257575757575759
0.4545454545454545
0.4545454545454545
-0.7272727272727273
0.2727272727272726
0.3909090909090912
-0.28181818181818175
0.33636363636363653
0.2272727272727273
-1.1
0.30000000000000004
0.2909090909090908
0.36363636363636354
0.44545454545454555
0.2727272727272726
-0.5454545454545459
-1.0
0.3818181818181817
0.4545454545454545
0.5454545454545454
0.4545454545454545
-0.1818181818181821
0.5636363636363636
0.38181818181818183
-0.27272727272727293
-0.4545454545454546
-0.7777777777777781
-0.6363636363636367
-0.363636363636364
-0.663636363636364
-0.2454545454545456
-0.572727272727273
-0.9090909090909094
-0.6363636363636365
-0.4545454545454548
0.4545454545454545
0.36363636363636354
0.45454545454545436
-0.4818181818181819
-0.3909090909090911
-0.5454545454545454
-0.18181818181818188
0.5984848484848485
0.5454545454545454
0.4545454545454545
0.36363636363636354
0.29999999999999993
0.1444444444444446
-0.4545454545454546
0.36363636363636354
0.2727272727272726
-0.4772727272727275
0.28181818181818163
0.3727272727272727
-0.9545454545454544
0.3727272727272726
-1.1439393939393936
-0.6833333333333333
0.41666666666666674
0.5075757575757579
-0.9454545454545462
0.46363636363636374
0.46363636363636374
0.5454545454545454
0.09090909090909083
-0.7727272727272727
0.07272727272727264
-0.6363636363636365
0.1454545454545455
0.21666666666666679
0.4
0.4
-0.30000000000000004
0.4
-0.45454545454545436
-0.2500000000000002
0.16363636363636358
0.47272727272727266
-0.34545454545454546
-0.8454545454545452
-1.2999999999999998
0.30000000000000004
0.7
0.4545454545454546
-0.7272727272727268
0.5545454545454545
0.5454545454545454
0.5454545454545454
