0.15972222222222254
-0.2874999999999994
0.020833333333333703
-0.2916666666666663
-0.5624999999999998
-0.5624999999999996
0.06250000000000022
-0.3999999999999997
-0.2916666666666663
3.3306690738754696e-16
-0.062499999999999556
0.07500000000000029
0.06250000000000022
-0.062499999999999556
0.06250000000000022
-0.8541666666666663
0.08888888888888924
0.22222222222222232
0.2777777777777777
0.33333333333333326
0.11111111111111094
0.11111111111111094
0.11111111111111094
-0.19444444444444464
0.10000000000000009
0.15000000000000002
0.10000000000000009
1.1102230246251565e-16
0.30000000000000004
-0.34999999999999964
-0.033333333333333215
-0.4666666666666661
0.5000000000000001
0.16666666666666685
0.43333333333333335
0.2500000000000002
0.33333333333333337
0.5
0.2500000000000002
0.25
0.25
0.4
-0.04999999999999982
-0.0117647058823529
-0.1470588235294117
-0.5764705882352943
0.08333333333333326
0.05882352941176472
0.08333333333333326
0.05882352941176472
0.08333333333333326
0.05882352941176472
-0.5098039215686274
0.08333333333333326
0.05882352941176472
0.08333333333333326
0.05882352941176472
2.220446049250313e-16
0.19999999999999996
0.30000000000000004
-0.1333333333333333
-0.15294117647058836
0.33333333333333337
1.1102230246251565e-16
1.1102230246251565e-16
0.16666666666666674
0.25
-0.2058823529411764
-0.2941176470588236
0.16666666666666674
-0.196078431372549
-0.16666666666666652
-0.08823529411764719
-0.08333333333333326
-0.1470588235294117
-0.3333333333333328
-0.24509803921568607
0.47549019607843146
