1.1102230246251565e-16
-0.16666666666666652
-0.16666666666666652
1.1102230246251565e-16
1.1102230246251565e-16
1.1102230246251565e-16
1.1102230246251565e-16
1.1102230246251565e-16
1.1102230246251565e-16
-1.4333333333333322
0.6666666666666667
-0.5277777777777781
-0.5277777777777779
6.661338147750939e-16
-0.27777777777777657
6.661338147750939e-16
6.661338147750939e-16
6.661338147750939e-16
-0.799999999999998
-0.2777777777777759
-0.4236111111111094
-0.21464646464646342
0.14869281045751725
-0.6111111111111096
-0.26388888888888795
-0.49999999999999867
6.661338147750939e-16
5.551115123125783e-16
-0.472222222222221
-0.472222222222221
-0.47222222222222165
-0.47222222222222077
-0.472222222222221
-0.05555555555555469
-0.38888888888888773
-0.8333333333333315
-0.7023809523809503
-0.8412698412698392
-0.7266081871345007
-0.9388888888888869
-1.115384615384614
-0.36111111111111005
-0.3611111111111096
-0.33333333333333237
-0.3611111111111103
-0.05555555555555469
0.03333333333333355
0.5873015873015873
0.8571428571428572
0.8571428571428572
0.8571428571428572
0.8571428571428572
0.8571428571428572
0.009523809523809823
0.5873015873015873
0.5873015873015873
0.5873015873015873
0.5873015873015873
0.5873015873015873
0.20000000000000018
-0.808080808080808
-1.181286549707603
0.8571428571428572
0.8571428571428572
0.8571428571428572
0.8571428571428572
0.009523809523809934
0.8571428571428572
0.8571428571428572
0.8571428571428572
0.009523809523809934
0.8571428571428572
0.8571428571428572
0.00952380952380949
0.8571428571428572
0.00952380952380949
0.009523809523809712
-0.6545454545454541
-0.7624999999999995
-0.6117647058823525
-0.833333333333333
-0.1666666666666663
-0.016666666666666385
0.47727272727272707
-2.220446049250313e-16
0.09090909090909072
0.2727272727272726
0.18181818181818177
-0.2272727272727273
0.318181818181818
0.3181818181818181
0.31818181818181823
-0.2386363636363633
-0.003676470588234837
-0.49999999999999933
3.3306690738754696e-16
0.3863636363636366
0.12500000000000033
-0.2613636363636358
-0.22368421052631526
0.4750000000000003
0.4750000000000003
0.4375000000000002
0.4305555555555558
0.2678571428571431
-0.021390374331550888
0.18181818181818177
0.15584415584415567
-0.038961038961039085
0.13636363636363613
-0.06698564593301426
0.18181818181818177
-0.5735294117647056
-0.4485294117647054
-0.279411764705882
0.05882352941176483
0.07843137254901966
-0.566844919786095
-0.7019607843137243
0.05882352941176516
0.05882352941176516
0.11764705882352999
0.05882352941176516
0.07843137254901966
0.25
0.0
0.5833333333333334
0.5833333333333334
0.5833333333333334
0.5833333333333334
0.5833333333333334
0.25
0.8333333333333334
0.8333333333333334
0.8333333333333334
0.8333333333333334
0.8333333333333334
0.8333333333333334
0.8333333333333334
0.8333333333333334
0.8333333333333334
0.8333333333333334
0.0
-0.3684210526315792
0.18181818181818177
-0.2440191387559809
-0.27272727272727293
-0.3706293706293704
0.49090909090909074
0.49090909090909085
0.49090909090909074
0.4242424242424241
0.4285714285714285
0.0
-0.9090909090909083
0.007177033492823837
0.18181818181818243
0.42424242424242464
0.22727272727272785
0.11111111111111183
0.22727272727272785
0.2937062937062943
0.2424242424242431
0.30769230769230826
0.2424242424242432
0.14545454545454617
-0.13636363636363558
-0.13636363636363535
-0.07070707070706983
-0.3636363636363624
-0.36363636363636265
-0.17532467532467444
0.05194805194805274
-0.07142857142857117
0.2857142857142858
0.4285714285714286
-0.12030075187969924
0.14285714285714302
-0.2142857142857142
2.220446049250313e-16
0.3928571428571429
-0.26315789473684204
-0.17105263157894735
-0.1315789473684199
0.15789473684210598
0.09122807017543944
0.014354066985646452
0.014354066985646563
0.00404858299595201
-0.06140350877192913
0.02834008097166041
-0.06140350877192913
0.4606060606060607
0.6363636363636362
0.6363636363636362
0.6363636363636366
0.5530303030303031
0.4965034965034967
0.5530303030303031
-2.220446049250313e-16
0.6303030303030304
0.5333333333333334
0.6303030303030304
0.7076923076923078
0.6666666666666667
0.7641025641025643
0.6666666666666667
0.5666666666666668
-0.2999999999999996
0.40000000000000013
0.7272727272727272
0.9090909090909091
0.7692307692307694
0.8333333333333334
0.7692307692307694
0.8333333333333334
0.709090909090909
0.7272727272727273
0.6153846153846155
0.6666666666666666
0.6153846153846155
0.6666666666666665
0.8
0.7692307692307694
0.8333333333333334
0.7692307692307694
0.8333333333333334
0.7090909090909092
0.8461538461538465
0.8461538461538461
0.8461538461538465
0.6923076923076925
0.4615384615384619
0.8461538461538465
0.9166666666666666
0.75
0.4999999999999999
0.8461538461538465
0.6923076923076925
0.4615384615384619
0.75
0.5
0.6000000000000001
0.9
0.8
0.8
0.6000000000000001
0.8
0.8
0.6000000000000001
0.7000000000000002
0.5000000000000001
0.6666666666666667
0.5
