0.5000000000000001
0.33333333333333337
-0.557971014492753
-0.04166666666666652
0.7142857142857144
0.13636363636363635
-0.3152173913043472
0.4285714285714286
0.13636363636363635
0.125
0.4285714285714286
-0.125
-0.5527950310559
0.10086956521739199
-0.16304347826086873
-0.10144927536231818
0.2608695652173918
0.13391304347826116
-0.19063545150501615
0.07246376811594268
-0.1652173913043471
-0.23188405797101375
0.06086956521739184
0.014492753623189025
-0.5217391304347814
-0.30434782608695565
0.12173913043478324
0.018633540372671398
-0.07729468599033784
0.004830917874396823
0.00869565217391377
-0.1111111111111105
-0.0676328502415453
0.10714285714285732
-0.3749999999999998
-0.708333333333333
-0.5
-1.0250000000000004
-1.1022727272727266
0.14285714285714313
-0.1428571428571428
-0.4204545454545454
-0.6000000000000005
-0.5527272727272734
0.030303030303030387
-0.168831168831169
-0.14545454545454573
-0.045454545454545414
-0.6944444444444444
-0.7999999999999994
-0.3557692307692304
-0.9166666666666661
-0.2749999999999999
-0.04499999999999904
-0.06666666666666532
0.3222222222222231
0.4400000000000004
0.09846153846153916
-0.11999999999999855
-0.15999999999999903
0.12000000000000122
-0.10857142857142721
0.1644444444444455
0.13777777777777855
0.07555555555555649
0.13777777777777855
0.08000000000000118
0.035555555555556895
-0.19999999999999907
-0.11428571428571299
0.4133333333333339
0.02500000000000091
0.026666666666667838
-0.19999999999999907
0.16000000000000103
0.16000000000000103
-0.379999999999999
0.2291666666666673
-0.25749999999999984
0.09027777777777823
0.1625000000000001
0.15972222222222254
0.06250000000000022
-0.12499999999999978
0.10416666666666696
-0.1111111111111105
-0.24999999999999956
-0.6249999999999998
0.04166666666666696
-0.8958333333333326
-0.3749999999999991
-0.22222222222222165
0.13333333333333386
0.13333333333333353
0.06666666666666687
-0.2666666666666664
0.06666666666666687
0.1555555555555559
-0.1666666666666663
0.009523809523809934
-0.05714285714285672
-0.08333333333333304
0.03333333333333366
0.0222222222222227
0.07264957264957295
0.11111111111111127
0.22222222222222243
-0.055555555555555136
0.04444444444444473
-0.007936507936507686
0.16666666666666674
0.0555555555555558
-0.3888888888888886
0.22222222222222243
0.16666666666666674
-0.16666666666666652
-0.4166666666666663
0.05846153846153934
-0.18666666666666565
-0.19999999999999862
0.16000000000000103
-0.13333333333333175
0.15555555555555667
-0.044444444444443176
0.120000000000001
0.07555555555555649
-0.1599999999999988
-0.21714285714285575
-0.07499999999999929
0.09333333333333449
0.10000000000000087
0.12000000000000122
-0.3399999999999992
0.34888888888888947
0.046666666666667744
-0.2999999999999985
0.2923076923076927
-0.36538461538461453
-0.015384615384614886
0.03846153846153877
0.19230769230769273
0.09230769230769287
0.18461538461538496
-0.01709401709401681
-0.5076923076923072
0.11111111111111116
0.11111111111111105
-0.7521367521367517
0.40000000000000013
0.3999999999999999
0.16666666666666652
0.04999999999999993
-0.4500000000000002
-1.1714285714285708
0.3222222222222224
-0.11111111111111116
0.10000000000000009
-0.19999999999999996
0.20000000000000007
0.10000000000000009
0.22222222222222232
0.4285714285714286
-0.1507936507936507
-0.514285714285714
0.33333333333333326
0.33333333333333326
0.2222222222222222
0.16666666666666652
0.22222222222222232
0.5555555555555556
0.2777777777777777
0.11111111111111094
0.24444444444444458
-0.26666666666666683
0.16666666666666652
0.44444444444444464
0.05555555555555536
0.04444444444444451
0.11111111111111094
0.5277777777777779
0.33333333333333315
0.4444444444444444
-0.1904761904761907
-0.2424242424242422
0.14545454545454606
-0.7807692307692298
0.2928571428571435
-0.7666666666666662
0.014285714285715123
0.1476190476190482
0.1750000000000007
0.3250000000000006
0.2923076923076927
-0.028571428571427804
0.07500000000000051
0.050000000000001044
0.3000000000000005
0.1500000000000008
-0.0173913043478251
-0.12142857142857078
-0.16428571428571326
-0.16666666666666585
-0.7272727272727273
-0.1298701298701299
0.26136363636363646
0.4431818181818181
0.3146853146853148
0.11688311688311692
0.18181818181818177
0.41414141414141403
-0.045454545454545636
0.26666666666666683
0.38095238095238104
0.31746031746031755
0.2500000000000002
-0.0555555555555558
0.4
0.19999999999999996
0.2857142857142857
0.4285714285714286
0.25
0.10000000000000009
0.37142857142857166
0.37142857142857166
0.4
-0.23333333333333317
-0.10000000000000009
0.20000000000000007
0.15000000000000013
-0.12222222222222223
0.5714285714285714
-0.26984126984126977
0.5535714285714286
-0.29166666666666696
0.04166666666666674
0.12500000000000022
0.05555555555555591
0.1555555555555561
0.16666666666666707
0.38888888888888906
-0.3333333333333326
-0.055555555555555136
0.29166666666666674
0.5
0.30000000000000004
-0.055555555555555136
-0.1499999999999999
0.22222222222222243
-0.33333333333333326
-1.0
0.22222222222222265
0.125
0.25
-0.32499999999999996
-0.5576923076923075
-0.9431818181818177
-0.5384615384615383
-0.38461538461538436
0.40000000000000013
0.17948717948717974
0.22222222222222254
0.19047619047619102
0.40000000000000013
-2.220446049250313e-16
-0.22222222222222188
-1.169230769230769
-0.24999999999999978
0.1111111111111116
0.20879120879120938
0.09615384615384659
-0.07692307692307665
-0.582417582417581
0.015384615384615774
0.5
-0.34999999999999987
0.43333333333333335
0.6000000000000001
-0.050000000000000044
0.6666666666666667
0.5
-0.43478260869565144
-0.21428571428571397
0.2500000000000001
-0.24999999999999978
0.0
0.09999999999999987
0.5
-0.43478260869565144
0.25000000000000044
-0.24999999999999978
0.0
0.5396825396825398
-0.8095238095238098
0.05555555555555558
0.19444444444444442
0.3111111111111111
-0.42857142857142816
0.02380952380952417
0.17857142857142871
0.4285714285714286
-0.11428571428571388
-0.7380952380952372
0.09523809523809601
0.29437229437229495
0.2857142857142859
0.008928571428572396
-0.1684981684981679
0.08333333333333415
0.25258799171842705
-0.3714285714285708
0.1190476190476194
0.12380952380952437
0.1904761904761909
0.019047619047619868
-0.047619047619046784
-0.047619047619046784
3.3306690738754696e-16
-0.05952380952380887
-0.11904761904761818
2.220446049250313e-16
0.16666666666666685
-0.6000000000000001
-0.19999999999999996
-0.019047619047618758
0.032467532467532534
0.026785714285714413
0.2857142857142858
0.24848484848484886
-0.038095238095237516
0.20416666666666683
0.5291666666666668
0.22564102564102595
-0.028571428571428248
0.20000000000000018
0.14166666666666683
0.06666666666666687
-0.23333333333333295
0.3333333333333336
0.16666666666666674
0.20995670995671067
0.39772727272727326
0.38068181818181857
0.14685314685314765
0.1090909090909098
0.2159090909090916
0.0909090909090916
0.24747474747474807
0.1640316205533605
-0.527272727272726
-0.13636363636363535
-0.03636363636363549
0.16363636363636447
0.12121212121212188
-0.054545454545453786
0.12500000000000078
0.0909090909090916
0.2946428571428581
0.21726190476190566
0.25396825396825473
0.23809523809523847
0.48861283643892384
0.28571428571428636
0.11904761904761962
0.04761904761904878
0.0952380952380959
-0.14285714285714213
-0.4404761904761896
0.19047619047619102
0.09523809523809579
-0.019047619047618092
-0.059523809523808646
0.26190476190476275
0.5000000000000001
0.2500000000000001
0.3750000000000001
0.4375000000000002
0.26358695652173925
0.1875000000000001
0.10000000000000031
0.3125000000000001
0.18750000000000022
-0.20833333333333282
0.3509615384615389
-0.05357142857142816
0.25000000000000033
0.3750000000000001
0.5000000000000002
0.3125000000000001
0.03532608695652206
0.1875000000000001
0.1250000000000001
0.10989010989011039
0.4615384615384618
0.2788461538461544
-0.03010033444815985
-0.07142857142857117
0.1304347826086958
0.375
0.08333333333333348
0.054347826086956985
0.07142857142857162
0.33333333333333337
0.13526570048309206
0.20108695652173902
0.125
0.1250000000000001
0.3975155279503113
0.026086956521739757
0.11304347826087002
0.18115942028985565
-0.29192546583850865
0.1449275362318846
0.10144927536231962
-0.014492753623188026
0.39130434782608725
-0.0956521739130427
0.16666666666666696
0.14285714285714324
0.16666666666666696
0.20238095238095277
0.04285714285714304
0.19999999999999996
0.5
0.02499999999999991
-0.08333333333333326
0.25
0.04166666666666674
0.2857142857142858
0.059523809523809645
-0.2857142857142858
0.2857142857142858
0.1904761904761907
0.14285714285714302
0.0
0.25
0.5
0.16666666666666718
0.15000000000000002
0.16666666666666674
-0.016666666666666607
0.33333333333333337
