3.3306690738754696e-16
-1.1
-0.6000000000000001
0.0
-1.1
-1.1
-0.6666666666666665
-0.33333333333333326
0.0
-0.16666666666666652
-0.25
-0.8970588235294119
-1.2499999999999996
-0.125
-0.5
0.0
0.0
-1.1999999999999997
-0.9130434782608683
-0.9130434782608683
-1.4130434782608692
-1.3826086956521735
5.551115123125783e-16
-1.5130434782608684
-1.88391726466865
-0.9130434782608683
5.551115123125783e-16
-1.6195652173913038
5.551115123125783e-16
-0.9130434782608683
-0.9130434782608683
5.551115123125783e-16
-1.3695652173913033
5.551115123125783e-16
-0.8695652173913031
5.551115123125783e-16
5.551115123125783e-16
-1.4695652173913039
5.551115123125783e-16
-1.4492753623188404
-1.2463768115942022
-0.125
-0.2999999999999996
0.0
0.0
0.0
-0.6000000000000001
0.0
0.0
0.0
0.0
0.0
0.0
-1.2184873949579824
-1.214285714285714
-1.314285714285714
-0.07142857142857117
-1.314285714285714
-0.714285714285714
2.220446049250313e-16
-0.48543689320388284
0.33333333333333337
-0.33333333333333326
-0.5
3.3306690738754696e-16
0.0
1.1102230246251565e-16
1.1102230246251565e-16
3.3306690738754696e-16
0.0
-0.6000000000000001
0.0
3.3306690738754696e-16
0.0
3.3306690738754696e-16
-0.5999999999999996
-0.33333333333333326
0.0
1.1102230246251565e-16
0.0
-0.9902912621359212
0.0
3.3306690738754696e-16
0.0
3.3306690738754696e-16
3.3306690738754696e-16
-1.8289548829240538
3.3306690738754696e-16
-0.3235294117647054
3.3306690738754696e-16
3.3306690738754696e-16
3.3306690738754696e-16
3.3306690738754696e-16
-1.1568627450980382
-0.7058823529411757
3.3306690738754696e-16
-1.0955882352941169
3.3306690738754696e-16
3.3306690738754696e-16
3.3306690738754696e-16
0.0
0.0
0.0
3.3306690738754696e-16
3.3306690738754696e-16
-1.2000000000000002
-0.5833333333333333
0.0
-0.5
3.3306690738754696e-16
3.3306690738754696e-16
1.1102230246251565e-16
-1.2999999999999998
-0.9333333333333331
-0.9999999999999998
-1.1
-0.6666666666666663
0.0
-0.33333333333333326
3.3306690738754696e-16
0.0
0.0
3.3306690738754696e-16
0.0
-0.75
-1.125
-1.1583333333333337
0.0
0.0
-0.708333333333333
3.3306690738754696e-16
3.3306690738754696e-16
3.3306690738754696e-16
1.1102230246251565e-16
3.3306690738754696e-16
3.3306690738754696e-16
-0.8333333333333335
-1.1333333333333329
-1.0
0.0
3.3306690738754696e-16
3.3306690738754696e-16
3.3306690738754696e-16
0.0
0.0
-0.733333333333333
0.0
3.3306690738754696e-16
1.1102230246251565e-16
0.0
3.3306690738754696e-16
1.1102230246251565e-16
0.0
3.3306690738754696e-16
3.3306690738754696e-16
0.0
-1.0
-0.19999999999999996
0.0
3.3306690738754696e-16
3.3306690738754696e-16
3.3306690738754696e-16
3.3306690738754696e-16
0.0
3.3306690738754696e-16
-0.6000000000000005
-0.772727272727272
-0.7619047619047616
-0.33333333333333326
0.0
0.0
0.0
0.0
2.220446049250313e-16
3.3306690738754696e-16
0.0
-0.8333333333333333
-0.9902912621359212
0.0
-0.8499999999999999
0.0
0.0
-0.8500000000000001
0.0
-0.9333333333333331
0.0
-0.9333333333333331
0.0
1.1102230246251565e-16
0.0
-0.9902912621359212
0.0
0.0
1.1102230246251565e-16
3.3306690738754696e-16
-0.33333333333333304
-0.7777777777777777
-0.33333333333333326
3.3306690738754696e-16
0.0
3.3306690738754696e-16
-0.6666666666666665
-0.6000000000000001
3.3306690738754696e-16
0.0
-1.1833333333333331
0.0
-0.9166666666666665
-1.6333333333333333
0.0
0.0
0.0
-1.4333333333333327
-0.833333333333333
3.3306690738754696e-16
1.1102230246251565e-16
-0.9999999999999998
-1.2666666666666666
-0.4999999999999998
3.3306690738754696e-16
0.0
0.0
-0.625
0.0
3.3306690738754696e-16
0.0
1.1102230246251565e-16
0.0
-0.8666666666666665
0.0
3.3306690738754696e-16
3.3306690738754696e-16
0.0
0.0
3.3306690738754696e-16
-0.8499999999999999
-0.9333333333333331
-0.8000000000000003
-1.418181818181818
0.0
0.0
0.0
0.0
-1.0
-0.6666666666666665
0.0
3.3306690738754696e-16
3.3306690738754696e-16
3.3306690738754696e-16
-1.1102230246251565e-15
-1.1102230246251565e-15
-0.9563106796116525
-1.1102230246251565e-15
-1.1102230246251565e-15
-1.1102230246251565e-15
-0.9611650485436911
-1.1102230246251565e-15
-1.1102230246251565e-15
-1.1102230246251565e-15
-1.1102230246251565e-15
-1.1102230246251565e-15
-1.1102230246251565e-15
-1.1102230246251565e-15
-0.9563106796116525
-1.1102230246251565e-15
-1.1102230246251565e-15
-1.1102230246251565e-15
-1.1102230246251565e-15
-1.1102230246251565e-15
-1.1102230246251565e-15
-1.1102230246251565e-15
-1.1102230246251565e-15
-1.756310679611667
-0.9757281553398083
-1.1102230246251565e-15
-1.1102230246251565e-15
-0.48543689320388395
-1.1102230246251565e-15
-1.1102230246251565e-15
-1.1102230246251565e-15
-1.1102230246251565e-15
-1.1102230246251565e-15
-1.5708737864077795
-1.1102230246251565e-15
-1.1102230246251565e-15
-1.4757281553398154
-1.1102230246251565e-15
-1.1102230246251565e-15
-1.1102230246251565e-15
-1.1102230246251565e-15
-1.6754507628294175
-1.1102230246251565e-15
-1.1102230246251565e-15
-1.1102230246251565e-15
-1.6569579288026035
-1.1102230246251565e-15
-0.9902912621359243
-1.1102230246251565e-15
-1.1102230246251565e-15
-1.1102230246251565e-15
-1.1102230246251565e-15
-0.48543689320388395
-1.4466019417475837
-1.1102230246251565e-15
-1.1102230246251565e-15
-1.6900138696255342
-1.1102230246251565e-15
-1.1102230246251565e-15
-1.1102230246251565e-15
-0.9902912621359246
-1.1102230246251565e-15
-1.1102230246251565e-15
-1.1102230246251565e-15
-1.1102230246251565e-15
-1.1102230246251565e-15
-1.1102230246251565e-15
-1.1102230246251565e-15
-1.5854368932038962
-1.1102230246251565e-15
-1.1102230246251565e-15
-1.1102230246251565e-15
-1.1102230246251565e-15
-1.1102230246251565e-15
-1.1102230246251565e-15
-1.1102230246251565e-15
-1.1102230246251565e-15
-1.1102230246251565e-15
-1.1102230246251565e-15
-0.48543689320388395
-1.1102230246251565e-15
-1.1102230246251565e-15
-1.1102230246251565e-15
-1.1102230246251565e-15
-1.1102230246251565e-15
-1.1102230246251565e-15
-1.1102230246251565e-15
-1.1102230246251565e-15
-1.1102230246251565e-15
-1.1102230246251565e-15
-1.1102230246251565e-15
-1.1102230246251565e-15
-1.1102230246251565e-15
-1.1102230246251565e-15
-1.1102230246251565e-15
-1.1102230246251565e-15
-1.1102230246251565e-15
-1.1102230246251565e-15
-1.1102230246251565e-15
-1.1102230246251565e-15
-1.2305825242718513
-0.4805825242718451
-1.1102230246251565e-15
-1.1102230246251565e-15
-1.1102230246251565e-15
-1.1102230246251565e-15
-1.1102230246251565e-15
-1.1102230246251565e-15
-1.1102230246251565e-15
-1.1102230246251565e-15
-1.1102230246251565e-15
-1.1102230246251565e-15
-1.1102230246251565e-15
-1.1102230246251565e-15
-1.1102230246251565e-15
-1.1102230246251565e-15
-0.9902912621359246
-1.1102230246251565e-15
-1.1102230246251565e-15
-1.1102230246251565e-15
-1.1102230246251565e-15
-1.1102230246251565e-15
-1.1102230246251565e-15
-1.1102230246251565e-15
-1.1102230246251565e-15
-0.9805825242718476
-1.1102230246251565e-15
-1.1102230246251565e-15
-1.1102230246251565e-15
-1.1102230246251565e-15
-1.5757281553398195
-1.1102230246251565e-15
-1.1102230246251565e-15
-1.1102230246251565e-15
-1.1102230246251565e-15
-1.1102230246251565e-15
-1.1102230246251565e-15
-1.1102230246251565e-15
-1.1102230246251565e-15
-1.1102230246251565e-15
-1.1102230246251565e-15
-1.1102230246251565e-15
-1.1102230246251565e-15
-1.8654015887025772
-1.1102230246251565e-15
-1.1102230246251565e-15
-0.9902912621359246
-1.1102230246251565e-15
-1.1102230246251565e-15
-1.1708737864077712
-1.1102230246251565e-15
-1.1102230246251565e-15
-0.9902912621359243
-1.1102230246251565e-15
-1.1102230246251565e-15
-1.1102230246251565e-15
-1.1102230246251565e-15
-1.1102230246251565e-15
-0.48543689320388417
2.220446049250313e-16
1.1102230246251565e-16
0.0
0.0
0.0
-0.19999999999999996
0.0
0.0
-0.5
-0.25
0.0
0.0
1.1102230246251565e-16
2.220446049250313e-16
-1.1
-0.8000000000000005
-1.2999999999999998
1.1102230246251565e-16
-0.9333333333333333
-1.1000000000000005
0.0
0.0
0.0
0.0
0.0
0.0
0.0
0.0
0.0
-0.7777777777777777
0.0
-0.19999999999999996
-0.8
1.1102230246251565e-16
-0.6666666666666665
-0.33333333333333326
0.33333333333333337
0.5
0.0
0.0
0.0
-1.0999999999999996
0.0
-1.2000000000000002
-0.3999999999999999
-0.8636363636363629
1.1102230246251565e-16
-1.2000000000000002
1.1102230246251565e-16
-0.8000000000000005
1.1102230246251565e-16
1.1102230246251565e-16
0.0
1.1102230246251565e-16
0.5
-0.8333333333333333
-0.33333333333333326
0.0
0.10000000000000009
-0.3636363636363633
2.220446049250313e-16
0.0
3.3306690738754696e-16
0.0
-0.833333333333333
-1.3214285714285712
0.0
0.0
0.0
-1.1666666666666665
-1.4333333333333331
-0.833333333333333
-1.651515151515151
0.0
0.0
-0.5
3.3306690738754696e-16
2.220446049250313e-16
0.0
0.0
-1.1999999999999997
-0.33333333333333326
0.0
3.3306690738754696e-16
-0.6666666666666663
1.1102230246251565e-16
-0.7333333333333334
-1.0499999999999998
0.0
1.1102230246251565e-16
3.3306690738754696e-16
0.0
-0.5
-1.0285714285714285
2.220446049250313e-16
-1.1964285714285712
-0.5
0.0
1.1102230246251565e-16
0.0
0.0
-0.33333333333333304
0.0
0.0
-1.333333333333333
1.1102230246251565e-16
-0.6666666666666663
0.0
0.0
-0.9333333333333331
-1.0
0.0
0.0
0.5
-0.8500000000000001
0.0
0.0
-0.8333333333333335
-0.714285714285714
2.220446049250313e-16
-1.2777777777777777
-1.3000000000000003
-1.3666666666666663
-0.7999999999999996
2.220446049250313e-16
-0.8666666666666665
2.220446049250313e-16
2.220446049250313e-16
0.0
0.0
0.0
-0.33333333333333304
0.33333333333333337
-1.0
0.0
-0.8999999999999999
-0.9333333333333331
-0.6000000000000001
0.0
0.0
0.0
3.3306690738754696e-16
-1.266666666666667
0.0
-0.9999999999999996
-0.833333333333333
2.220446049250313e-16
3.3306690738754696e-16
0.0
0.0
3.3306690738754696e-16
0.0
-0.5
0.0
3.3306690738754696e-16
1.1102230246251565e-16
0.20000000000000007
3.3306690738754696e-16
0.0
-0.625
-0.4444444444444444
-0.9583333333333335
-0.7361111111111112
3.3306690738754696e-16
-0.9090909090909083
1.1102230246251565e-16
0.0
0.0
0.33333333333333337
-0.875
0.0
0.0
-1.0818181818181816
0.0
-0.33333333333333304
-0.625
0.0
